Depth [m]	Temperature [degC]	Salinity [PSU]	Oxygen [umol/kg]
1.0	21.662	36.591	213.35
2.0	21.662	36.591	214.53
3.0	21.662	36.591	215.72
4.0	21.662	36.591	216.91
5.0	21.662	36.591	218.11
6.0	21.635	36.594	219.35
6.9	21.562	36.599	220.6
7.9	21.457	36.6	221.81
8.9	21.327	36.601	222.96
9.9	21.186	36.596	224.01
10.9	21.091	36.586	224.97
11.9	21.058	36.578	225.85
12.9	21.037	36.576	226.68
13.9	21.022	36.575	227.43
14.9	21.013	36.574	228.09
15.9	21.004	36.575	228.66
16.9	20.975	36.579	229.12
17.9	20.924	36.582	229.51
18.9	20.868	36.581	229.87
19.9	20.801	36.579	230.24
20.8	20.692	36.583	230.63
21.8	20.526	36.583	231.02
22.8	20.375	36.566	231.4
23.8	20.315	36.545	231.74
24.8	20.306	36.537	232.08
25.8	20.289	36.537	232.43
26.8	20.259	36.536	232.78
27.8	20.221	36.534	233.14
28.8	20.178	36.529	233.53
29.8	20.132	36.524	233.97
30.8	20.092	36.518	234.46
31.8	20.071	36.514	235.02
32.8	20.053	36.511	235.68
33.7	20.038	36.51	236.47
34.7	20.026	36.509	237.39
35.7	20.012	36.51	238.45
36.7	19.935	36.521	239.62
37.7	19.758	36.532	240.9
38.7	19.469	36.534	242.27
39.7	18.995	36.521	243.69
40.7	18.57	36.495	245.11
41.7	18.325	36.472	246.51
42.7	18.031	36.446	247.84
43.7	17.834	36.422	249.06
44.7	17.738	36.414	250.13
45.7	17.63	36.411	251.03
46.7	17.548	36.402	251.76
47.6	17.495	36.393	252.29
48.6	17.458	36.387	252.63
49.6	17.428	36.383	252.78
50.6	17.393	36.381	252.76
51.6	17.344	36.381	252.59
52.6	17.287	36.38	252.3
53.6	17.242	36.377	251.91
54.6	17.19	36.376	251.44
55.6	17.116	36.373	250.91
56.6	17.061	36.364	250.32
57.6	17.032	36.356	249.69
58.6	17.005	36.353	249.04
59.6	16.98	36.351	248.39
60.5	16.949	36.351	247.77
61.5	16.914	36.349	247.16
62.5	16.884	36.344	246.53
63.5	16.864	36.34	245.89
64.5	16.849	36.337	245.22
65.5	16.839	36.336	244.54
66.5	16.823	36.337	243.85
67.5	16.789	36.338	243.14
68.5	16.733	36.335	242.38
69.5	16.645	36.326	241.55
70.5	16.533	36.308	240.62
71.5	16.449	36.293	239.58
72.5	16.407	36.288	238.45
73.4	16.371	36.288	237.3
74.4	16.307	36.288	236.15
75.4	16.205	36.279	234.98
76.4	16.126	36.259	233.77
77.4	16.093	36.246	232.52
78.4	16.067	36.243	231.26
79.4	16.036	36.24	230.05
80.4	16.016	36.236	228.92
81.4	16.0	36.233	227.88
82.4	15.981	36.23	226.93
83.4	15.964	36.226	226.05
84.4	15.939	36.224	225.21
85.4	15.892	36.221	224.4
86.3	15.843	36.212	223.64
87.3	15.819	36.204	222.95
88.3	15.796	36.202	222.35
89.3	15.746	36.198	221.8
90.3	15.688	36.191	221.27
91.3	15.645	36.181	220.75
92.3	15.623	36.173	220.22
93.3	15.617	36.17	219.67
94.3	15.612	36.168	219.07
95.3	15.604	36.168	218.43
96.3	15.579	36.169	217.74
97.3	15.519	36.165	217.0
98.3	15.442	36.151	216.22
99.2	15.378	36.134	215.38
100.2	15.339	36.123	214.51
101.2	15.313	36.117	213.63
102.2	15.289	36.113	212.76
103.2	15.269	36.108	211.9
104.2	15.257	36.104	211.1
105.2	15.242	36.102	210.43
106.2	15.219	36.099	209.9
107.2	15.2	36.097	209.5
108.2	15.17	36.093	209.21
109.2	15.137	36.087	209.04
110.2	15.1	36.08	208.94
111.2	15.068	36.074	208.91
112.1	15.043	36.069	208.93
113.1	15.012	36.065	208.99
114.1	14.975	36.062	209.1
115.1	14.939	36.056	209.21
116.1	14.912	36.049	209.29
117.1	14.896	36.045	209.33
118.1	14.883	36.042	209.35
119.1	14.868	36.04	209.33
120.1	14.851	36.038	209.28
121.1	14.834	36.036	209.23
122.1	14.817	36.033	209.19
123.1	14.797	36.03	209.15
124.0	14.773	36.027	209.11
125.0	14.747	36.022	209.06
126.0	14.718	36.019	209.0
127.0	14.684	36.015	208.94
128.0	14.653	36.009	208.86
129.0	14.631	36.003	208.78
130.0	14.619	35.999	208.71
131.0	14.614	35.997	208.63
132.0	14.603	35.997	208.56
133.0	14.58	35.994	208.48
134.0	14.552	35.99	208.41
135.0	14.526	35.986	208.34
136.0	14.501	35.983	208.3
136.9	14.481	35.978	208.28
137.9	14.467	35.975	208.3
138.9	14.453	35.974	208.35
139.9	14.436	35.972	208.41
140.9	14.421	35.97	208.48
141.9	14.402	35.97	208.55
142.9	14.376	35.967	208.62
143.9	14.356	35.963	208.7
144.9	14.339	35.961	208.76
145.9	14.307	35.96	208.82
146.9	14.256	35.951	208.84
147.9	14.213	35.937	208.82
148.8	14.189	35.93	208.73
149.8	14.174	35.929	208.61
150.8	14.158	35.93	208.47
151.8	14.137	35.929	208.32
152.8	14.119	35.924	208.18
153.8	14.11	35.92	208.04
154.8	14.102	35.917	207.89
155.8	14.09	35.916	207.74
156.8	14.075	35.915	207.6
157.8	14.067	35.913	207.49
158.8	14.06	35.912	207.42
159.8	14.053	35.91	207.38
160.8	14.048	35.909	207.37
161.7	14.044	35.908	207.37
162.7	14.038	35.907	207.36
163.7	14.023	35.908	207.34
164.7	13.981	35.907	207.33
165.7	13.917	35.899	207.31
166.7	13.872	35.887	207.29
167.7	13.857	35.879	207.27
168.7	13.847	35.876	207.23
169.7	13.834	35.875	207.17
170.7	13.827	35.873	207.11
171.7	13.823	35.871	207.04
172.7	13.82	35.871	206.96
173.6	13.808	35.873	206.89
174.6	13.777	35.873	206.83
175.6	13.745	35.869	206.77
176.6	13.725	35.863	206.72
177.6	13.701	35.861	206.68
178.6	13.675	35.856	206.64
179.6	13.656	35.851	206.62
180.6	13.641	35.848	206.6
181.6	13.627	35.845	206.6
182.6	13.616	35.844	206.62
183.6	13.609	35.842	206.65
184.6	13.603	35.84	206.69
185.5	13.598	35.838	206.75
186.5	13.591	35.838	206.8
187.5	13.576	35.838	206.84
188.5	13.555	35.835	206.84
189.5	13.539	35.832	206.8
190.5	13.531	35.829	206.74
191.5	13.524	35.83	206.66
192.5	13.507	35.831	206.57
193.5	13.482	35.829	206.45
194.5	13.465	35.823	206.32
195.5	13.456	35.82	206.16
196.5	13.448	35.819	205.98
197.5	13.441	35.818	205.79
198.4	13.44	35.817	205.63
199.4	13.439	35.817	205.54
200.4	13.438	35.817	205.5
201.4	13.436	35.817	205.49
202.4	13.432	35.817	205.51
203.4	13.425	35.817	205.54
204.4	13.418	35.815	205.57
205.4	13.413	35.814	205.61
206.4	13.407	35.813	205.66
207.4	13.399	35.812	205.72
208.4	13.389	35.812	205.79
209.4	13.38	35.811	205.84
210.3	13.374	35.81	205.86
211.3	13.369	35.809	205.87
212.3	13.364	35.809	205.86
213.3	13.356	35.808	205.84
214.3	13.346	35.808	205.82
215.3	13.336	35.807	205.8
216.3	13.326	35.806	205.79
217.3	13.31	35.806	205.8
218.3	13.295	35.803	205.81
219.3	13.289	35.8	205.82
220.3	13.286	35.798	205.83
221.3	13.285	35.798	205.84
222.2	13.284	35.798	205.85
223.2	13.284	35.798	205.86
224.2	13.283	35.798	205.88
225.2	13.282	35.798	205.9
226.2	13.276	35.798	205.93
227.2	13.262	35.798	205.95
228.2	13.244	35.795	205.96
229.2	13.233	35.793	205.97
230.2	13.227	35.792	205.98
231.2	13.22	35.792	206.0
232.2	13.212	35.79	206.01
233.2	13.203	35.79	206.01
234.1	13.188	35.79	206.01
235.1	13.166	35.79	206.01
236.1	13.147	35.787	206.0
237.1	13.137	35.783	205.99
238.1	13.132	35.781	205.97
239.1	13.125	35.78	205.95
240.1	13.115	35.78	205.93
241.1	13.1	35.778	205.9
242.1	13.087	35.776	205.87
243.1	13.074	35.775	205.84
244.1	13.063	35.774	205.81
245.0	13.055	35.772	205.78
246.0	13.049	35.771	205.76
247.0	13.044	35.771	205.72
248.0	13.041	35.77	205.69
249.0	13.037	35.77	205.66
250.0	13.034	35.77	205.63
251.0	13.033	35.77	205.61
252.0	13.031	35.77	205.6
253.0	13.025	35.77	205.6
254.0	13.016	35.77	205.61
255.0	13.003	35.768	205.62
256.0	12.989	35.766	205.65
256.9	12.978	35.763	205.69
257.9	12.969	35.761	205.74
258.9	12.953	35.76	205.79
259.9	12.933	35.758	205.84
260.9	12.912	35.756	205.89
261.9	12.892	35.753	205.94
262.9	12.879	35.75	205.98
263.9	12.872	35.747	206.01
264.9	12.866	35.747	206.03
265.9	12.857	35.746	206.0
266.9	12.852	35.745	205.95
267.9	12.849	35.744	205.86
268.8	12.846	35.744	205.76
269.8	12.842	35.744	205.65
270.8	12.832	35.745	205.53
271.8	12.82	35.745	205.41
272.8	12.812	35.743	205.27
273.8	12.805	35.742	205.12
274.8	12.797	35.741	204.96
275.8	12.793	35.74	204.82
276.8	12.791	35.74	204.72
277.8	12.788	35.74	204.67
278.8	12.787	35.739	204.63
279.7	12.787	35.739	204.6
280.7	12.787	35.739	204.57
281.7	12.785	35.739	204.56
282.7	12.782	35.739	204.57
283.7	12.781	35.738	204.6
284.7	12.78	35.738	204.65
285.7	12.778	35.737	204.7
286.7	12.777	35.737	204.75
287.7	12.775	35.737	204.78
288.7	12.771	35.737	204.81
289.7	12.768	35.737	204.84
290.7	12.764	35.736	204.88
291.6	12.758	35.737	204.93
292.6	12.74	35.739	204.96
293.6	12.713	35.736	204.98
294.6	12.688	35.731	204.99
295.6	12.673	35.727	204.98
296.6	12.662	35.725	204.97
297.6	12.649	35.725	204.96
298.6	12.631	35.724	204.95
299.6	12.619	35.722	204.94
300.6	12.615	35.719	204.9
301.6	12.613	35.718	204.84
302.5	12.612	35.718	204.74
303.5	12.608	35.718	204.63
304.5	12.601	35.718	204.5
305.5	12.595	35.717	204.38
306.5	12.589	35.717	204.26
307.5	12.581	35.717	204.13
308.5	12.575	35.716	203.99
309.5	12.574	35.715	203.84
310.5	12.572	35.716	203.68
311.5	12.565	35.717	203.54
312.5	12.557	35.717	203.44
313.5	12.548	35.717	203.4
314.4	12.537	35.715	203.4
315.4	12.525	35.713	203.43
316.4	12.51	35.711	203.47
317.4	12.486	35.708	203.51
318.4	12.455	35.702	203.57
319.4	12.436	35.697	203.62
320.4	12.432	35.695	203.69
321.4	12.429	35.695	203.75
322.4	12.426	35.696	203.8
323.4	12.423	35.697	203.82
324.4	12.415	35.697	203.8
325.3	12.41	35.696	203.75
326.3	12.414	35.696	203.67
327.3	12.417	35.7	203.58
328.3	12.414	35.702	203.47
329.3	12.407	35.701	203.36
330.3	12.397	35.701	203.24
331.3	12.388	35.699	203.13
332.3	12.384	35.696	203.03
333.3	12.386	35.696	202.95
334.3	12.387	35.697	202.88
335.3	12.386	35.698	202.82
336.2	12.376	35.699	202.79
337.2	12.354	35.698	202.78
338.2	12.329	35.694	202.78
339.2	12.313	35.689	202.79
340.2	12.305	35.686	202.82
341.2	12.3	35.684	202.86
342.2	12.298	35.683	202.91
343.2	12.294	35.684	202.95
344.2	12.284	35.684	202.98
345.2	12.269	35.682	202.99
346.2	12.253	35.68	202.99
347.1	12.243	35.678	202.98
348.1	12.237	35.676	202.96
349.1	12.236	35.676	202.95
350.1	12.234	35.676	202.93
351.1	12.234	35.676	202.89
352.1	12.234	35.676	202.84
353.1	12.233	35.676	202.79
354.1	12.227	35.677	202.73
355.1	12.214	35.677	202.7
356.1	12.196	35.676	202.68
357.1	12.183	35.673	202.68
358.0	12.175	35.67	202.69
359.0	12.165	35.67	202.7
360.0	12.154	35.668	202.7
361.0	12.147	35.667	202.71
362.0	12.142	35.666	202.73
363.0	12.139	35.666	202.76
364.0	12.138	35.666	202.79
365.0	12.14	35.666	202.81
366.0	12.142	35.667	202.82
367.0	12.137	35.668	202.81
368.0	12.12	35.67	202.8
368.9	12.098	35.668	202.79
369.9	12.079	35.664	202.77
370.9	12.069	35.661	202.76
371.9	12.062	35.66	202.73
372.9	12.056	35.66	202.71
373.9	12.051	35.659	202.68
374.9	12.047	35.659	202.66
375.9	12.04	35.658	202.64
376.9	12.031	35.657	202.62
377.9	12.023	35.656	202.6
378.9	12.017	35.655	202.58
379.8	12.014	35.654	202.56
380.8	12.013	35.653	202.52
381.8	12.013	35.653	202.48
382.8	12.013	35.654	202.42
383.8	12.013	35.654	202.34
384.8	12.013	35.653	202.26
385.8	12.012	35.653	202.17
386.8	12.008	35.653	202.07
387.8	12.004	35.653	201.97
388.8	12.002	35.653	201.86
389.8	11.999	35.653	201.75
390.7	11.993	35.653	201.64
391.7	11.984	35.653	201.54
392.7	11.974	35.652	201.47
393.7	11.966	35.65	201.43
394.7	11.961	35.648	201.4
395.7	11.956	35.647	201.37
396.7	11.951	35.647	201.35
397.7	11.946	35.646	201.31
398.7	11.941	35.646	201.27
399.7	11.935	35.645	201.23
400.7	11.929	35.644	201.18
401.6	11.921	35.645	201.12
402.6	11.909	35.646	201.04
403.6	11.895	35.645	200.94
404.6	11.888	35.643	200.82
405.6	11.883	35.642	200.67
406.6	11.876	35.641	200.52
407.6	11.871	35.641	200.38
408.6	11.866	35.641	200.27
409.6	11.856	35.642	200.18
410.6	11.846	35.641	200.11
411.6	11.84	35.64	200.05
412.5	11.836	35.639	199.99
413.5	11.829	35.64	199.94
414.5	11.813	35.641	199.92
415.5	11.794	35.639	199.91
416.5	11.78	35.636	199.91
417.5	11.774	35.634	199.88
418.5	11.771	35.633	199.82
419.5	11.768	35.633	199.72
420.5	11.761	35.633	199.6
421.5	11.751	35.633	199.47
422.5	11.742	35.632	199.34
423.4	11.732	35.63	199.2
424.4	11.726	35.629	199.04
425.4	11.724	35.629	198.86
426.4	11.72	35.628	198.66
427.4	11.717	35.628	198.48
428.4	11.716	35.628	198.34
429.4	11.714	35.629	198.25
430.4	11.709	35.63	198.21
431.4	11.705	35.629	198.18
432.4	11.703	35.629	198.15
433.3	11.702	35.629	198.1
434.3	11.698	35.63	198.05
435.3	11.69	35.63	198.03
436.3	11.685	35.629	198.02
437.3	11.683	35.629	198.02
438.3	11.676	35.63	198.02
439.3	11.67	35.63	198.0
440.3	11.668	35.63	197.95
441.3	11.666	35.63	197.86
442.3	11.662	35.63	197.75
443.3	11.658	35.63	197.66
444.2	11.656	35.63	197.59
445.2	11.654	35.63	197.52
446.2	11.65	35.631	197.46
447.2	11.644	35.632	197.38
448.2	11.638	35.632	197.29
449.2	11.632	35.632	197.2
450.2	11.628	35.632	197.11
451.2	11.625	35.632	197.0
452.2	11.624	35.631	196.88
453.2	11.623	35.631	196.76
454.2	11.622	35.631	196.61
455.1	11.62	35.632	196.47
456.1	11.614	35.633	196.31
457.1	11.608	35.633	196.15
458.1	11.605	35.632	195.97
459.1	11.604	35.632	195.77
460.1	11.601	35.632	195.56
461.1	11.598	35.631	195.36
462.1	11.598	35.631	195.19
463.1	11.597	35.632	195.07
464.1	11.595	35.632	194.98
465.0	11.595	35.632	194.92
466.0	11.593	35.632	194.87
467.0	11.589	35.633	194.83
468.0	11.585	35.634	194.82
469.0	11.581	35.634	194.85
470.0	11.573	35.635	194.92
471.0	11.563	35.635	195.01
472.0	11.554	35.635	195.11
473.0	11.548	35.635	195.19
474.0	11.54	35.636	195.25
475.0	11.533	35.636	195.29
475.9	11.527	35.636	195.32
476.9	11.517	35.636	195.34
477.9	11.507	35.636	195.33
478.9	11.501	35.634	195.29
479.9	11.5	35.633	195.22
480.9	11.502	35.634	195.11
481.9	11.505	35.637	194.99
482.9	11.504	35.64	194.87
483.9	11.5	35.641	194.75
484.9	11.496	35.641	194.62
485.8	11.49	35.641	194.48
486.8	11.483	35.642	194.34
487.8	11.477	35.641	194.19
488.8	11.471	35.641	194.04
489.8	11.466	35.64	193.9
490.8	11.462	35.64	193.76
491.8	11.454	35.641	193.63
492.8	11.441	35.642	193.51
493.8	11.43	35.641	193.37
494.8	11.427	35.64	193.22
495.7	11.426	35.64	193.05
496.7	11.425	35.641	192.86
497.7	11.421	35.641	192.67
498.7	11.417	35.641	192.5
499.7	11.415	35.641	192.36
500.7	11.414	35.64	192.23
501.7	11.413	35.64	192.12
502.7	11.412	35.64	192.0
503.7	11.409	35.641	191.86
504.7	11.405	35.641	191.7
505.7	11.403	35.641	191.54
506.6	11.401	35.641	191.4
507.6	11.397	35.643	191.26
508.6	11.39	35.644	191.12
509.6	11.38	35.645	190.96
510.6	11.376	35.644	190.74
511.6	11.374	35.643	190.48
512.6	11.366	35.644	190.16
513.6	11.352	35.646	189.84
514.6	11.339	35.646	189.55
515.6	11.33	35.644	189.32
516.5	11.325	35.642	189.11
517.5	11.326	35.643	188.92
518.5	11.329	35.643	188.73
519.5	11.33	35.645	188.53
520.5	11.323	35.646	188.34
521.5	11.298	35.647	188.2
522.5	11.265	35.642	188.12
523.5	11.243	35.633	188.09
524.5	11.235	35.627	188.08
525.5	11.236	35.626	188.07
526.4	11.244	35.628	188.03
527.4	11.258	35.633	187.97
528.4	11.267	35.64	187.9
529.4	11.267	35.642	187.83
530.4	11.263	35.643	187.77
531.4	11.265	35.643	187.71
532.4	11.271	35.644	187.64
533.4	11.278	35.646	187.56
534.4	11.275	35.65	187.46
535.4	11.265	35.65	187.36
536.3	11.257	35.647	187.26
537.3	11.26	35.645	187.16
538.3	11.27	35.646	187.07
539.3	11.277	35.65	187.01
540.3	11.281	35.652	186.98
541.3	11.285	35.654	186.96
542.3	11.285	35.655	186.95
543.3	11.284	35.656	186.95
544.3	11.282	35.656	186.95
545.3	11.268	35.659	186.95
546.2	11.243	35.658	186.96
547.2	11.24	35.653	186.96
548.2	11.255	35.656	186.96
549.2	11.25	35.662	186.94
550.2	11.23	35.662	186.89
551.2	11.215	35.658	186.81
552.2	11.206	35.656	186.72
553.2	11.195	35.654	186.62
554.2	11.188	35.652	186.5
555.2	11.179	35.651	186.36
556.1	11.158	35.65	186.2
557.1	11.127	35.646	186.0
558.1	11.102	35.639	185.76
559.1	11.09	35.635	185.49
560.1	11.072	35.636	185.2
561.1	11.029	35.636	184.88
562.1	10.991	35.628	184.52
563.1	10.969	35.619	184.12
564.1	10.955	35.614	183.69
565.1	10.938	35.611	183.24
566.0	10.923	35.608	182.77
567.0	10.913	35.605	182.31
568.0	10.907	35.603	181.88
569.0	10.905	35.602	181.49
570.0	10.906	35.602	181.13
571.0	10.907	35.603	180.81
572.0	10.908	35.604	180.51
573.0	10.92	35.604	180.24
574.0	10.951	35.609	180.0
575.0	10.982	35.622	179.79
575.9	11.003	35.631	179.62
576.9	10.995	35.64	179.49
577.9	10.926	35.639	179.39
578.9	10.872	35.623	179.31
579.9	10.872	35.611	179.24
580.9	10.914	35.612	179.17
581.9	11.01	35.629	179.13
582.9	11.115	35.662	179.13
583.9	11.131	35.687	179.17
584.9	11.092	35.688	179.26
585.8	11.059	35.678	179.36
586.8	11.039	35.671	179.47
587.8	11.021	35.666	179.56
588.8	11.0	35.662	179.65
589.8	10.984	35.657	179.73
590.8	10.98	35.652	179.81
591.8	11.004	35.652	179.88
592.8	11.057	35.664	179.94
593.8	11.106	35.684	179.99
594.8	11.125	35.697	180.02
595.7	11.128	35.7	180.05
596.7	11.13	35.701	180.07
597.7	11.131	35.702	180.09
598.7	11.121	35.704	180.1
599.7	11.102	35.702	180.11
600.7	11.09	35.696	180.11
601.7	11.092	35.694	180.1
602.7	11.106	35.695	180.08
603.7	11.117	35.701	180.06
604.7	11.118	35.706	180.02
605.6	11.114	35.707	179.94
606.6	11.106	35.707	179.83
607.6	11.102	35.706	179.69
608.6	11.092	35.708	179.53
609.6	11.064	35.709	179.35
610.6	11.024	35.703	179.15
611.6	10.988	35.696	178.92
612.6	10.952	35.686	178.65
613.6	10.914	35.677	178.34
614.5	10.867	35.67	177.99
615.5	10.807	35.661	177.61
616.5	10.767	35.651	177.21
617.5	10.755	35.644	176.81
618.5	10.753	35.642	176.41
619.5	10.753	35.642	176.03
620.5	10.754	35.642	175.67
621.5	10.754	35.642	175.33
622.5	10.756	35.643	175.03
623.5	10.757	35.646	174.78
624.4	10.758	35.65	174.58
625.4	10.759	35.653	174.44
626.4	10.758	35.655	174.34
627.4	10.755	35.657	174.28
628.4	10.744	35.658	174.25
629.4	10.728	35.658	174.24
630.4	10.715	35.656	174.25
631.4	10.711	35.654	174.27
632.4	10.71	35.654	174.28
633.4	10.711	35.655	174.29
634.3	10.713	35.656	174.28
635.3	10.715	35.657	174.26
636.3	10.716	35.658	174.21
637.3	10.717	35.659	174.16
638.3	10.718	35.66	174.1
639.3	10.721	35.661	174.04
640.3	10.729	35.662	173.96
641.3	10.741	35.664	173.89
642.3	10.752	35.668	173.81
643.3	10.756	35.673	173.73
644.2	10.752	35.675	173.66
645.2	10.747	35.675	173.59
646.2	10.743	35.674	173.53
647.2	10.739	35.675	173.49
648.2	10.721	35.676	173.46
649.2	10.705	35.674	173.43
650.2	10.7	35.67	173.4
651.2	10.698	35.669	173.37
652.2	10.697	35.669	173.34
653.1	10.7	35.67	173.32
654.1	10.707	35.67	173.3
655.1	10.723	35.672	173.31
656.1	10.741	35.68	173.32
657.1	10.735	35.688	173.35
658.1	10.738	35.691	173.37
659.1	10.759	35.694	173.4
660.1	10.782	35.704	173.44
661.1	10.784	35.71	173.5
662.1	10.776	35.71	173.58
663.0	10.772	35.709	173.67
664.0	10.771	35.708	173.75
665.0	10.77	35.709	173.83
666.0	10.77	35.709	173.9
667.0	10.768	35.71	173.97
668.0	10.765	35.712	174.03
669.0	10.763	35.712	174.1
670.0	10.761	35.713	174.17
671.0	10.759	35.714	174.23
671.9	10.759	35.715	174.26
672.9	10.76	35.716	174.28
673.9	10.759	35.718	174.28
674.9	10.758	35.719	174.28
675.9	10.755	35.72	174.27
676.9	10.751	35.721	174.25
677.9	10.75	35.722	174.21
678.9	10.749	35.724	174.14
679.9	10.742	35.725	174.05
680.9	10.732	35.724	173.94
681.8	10.721	35.723	173.82
682.8	10.708	35.723	173.7
683.8	10.699	35.721	173.58
684.8	10.695	35.72	173.47
685.8	10.688	35.719	173.36
686.8	10.686	35.719	173.26
687.8	10.687	35.719	173.17
688.8	10.689	35.72	173.11
689.8	10.694	35.72	173.08
690.7	10.707	35.721	173.07
691.7	10.722	35.726	173.08
692.7	10.729	35.731	173.12
693.7	10.731	35.735	173.17
694.7	10.732	35.737	173.22
695.7	10.732	35.738	173.27
696.7	10.732	35.738	173.32
697.7	10.73	35.739	173.35
698.7	10.727	35.739	173.37
699.6	10.715	35.739	173.37
700.6	10.697	35.737	173.34
701.6	10.679	35.732	173.28
702.6	10.669	35.729	173.19
703.6	10.666	35.728	173.09
704.6	10.664	35.728	172.97
705.6	10.661	35.728	172.85
706.6	10.657	35.729	172.73
707.6	10.651	35.729	172.61
708.6	10.639	35.73	172.51
709.5	10.633	35.728	172.43
710.5	10.636	35.727	172.37
711.5	10.644	35.73	172.35
712.5	10.648	35.735	172.35
713.5	10.648	35.738	172.38
714.5	10.647	35.74	172.42
715.5	10.645	35.742	172.47
716.5	10.642	35.742	172.53
717.5	10.638	35.743	172.61
718.4	10.634	35.743	172.69
719.4	10.629	35.744	172.77
720.4	10.621	35.745	172.83
721.4	10.614	35.745	172.87
722.4	10.608	35.744	172.87
723.4	10.594	35.744	172.85
724.4	10.567	35.742	172.81
725.4	10.542	35.738	172.76
726.4	10.529	35.734	172.7
727.3	10.522	35.733	172.61
728.3	10.507	35.733	172.5
729.3	10.491	35.731	172.37
730.3	10.48	35.728	172.24
731.3	10.48	35.729	172.11
732.3	10.49	35.73	172.0
733.3	10.508	35.732	171.91
734.3	10.534	35.74	171.84
735.3	10.552	35.748	171.8
736.3	10.556	35.754	171.78
737.2	10.557	35.755	171.78
738.2	10.558	35.755	171.81
739.2	10.562	35.756	171.87
740.2	10.569	35.756	171.96
741.2	10.576	35.758	172.07
742.2	10.581	35.761	172.21
743.2	10.584	35.763	172.36
744.2	10.585	35.765	172.53
745.2	10.585	35.766	172.7
746.1	10.584	35.767	172.87
747.1	10.58	35.769	173.03
748.1	10.579	35.769	173.18
749.1	10.58	35.771	173.33
750.1	10.582	35.774	173.47
751.1	10.585	35.777	173.6
752.1	10.586	35.78	173.71
753.1	10.586	35.782	173.81
754.1	10.587	35.783	173.87
755.0	10.589	35.785	173.91
756.0	10.59	35.787	173.93
757.0	10.592	35.788	173.94
758.0	10.594	35.79	173.95
759.0	10.594	35.793	173.95
760.0	10.593	35.794	173.95
761.0	10.589	35.796	173.93
762.0	10.584	35.797	173.91
763.0	10.577	35.797	173.88
763.9	10.573	35.798	173.85
764.9	10.572	35.799	173.86
765.9	10.572	35.8	173.88
766.9	10.572	35.801	173.92
767.9	10.572	35.803	173.95
768.9	10.571	35.805	173.99
769.9	10.57	35.806	174.02
770.9	10.568	35.806	174.07
771.9	10.567	35.806	174.12
772.8	10.566	35.807	174.19
773.8	10.565	35.807	174.26
774.8	10.565	35.807	174.33
775.8	10.564	35.807	174.38
776.8	10.564	35.808	174.42
777.8	10.562	35.809	174.46
778.8	10.56	35.809	174.5
779.8	10.558	35.809	174.55
780.8	10.555	35.81	174.6
781.7	10.55	35.811	174.65
782.7	10.544	35.811	174.7
783.7	10.542	35.811	174.73
784.7	10.541	35.812	174.75
785.7	10.538	35.814	174.76
786.7	10.534	35.816	174.75
787.7	10.534	35.817	174.74
788.7	10.535	35.818	174.71
789.7	10.536	35.82	174.67
790.6	10.538	35.822	174.61
791.6	10.539	35.824	174.54
792.6	10.539	35.826	174.45
793.6	10.538	35.828	174.37
794.6	10.536	35.829	174.28
795.6	10.536	35.83	174.19
796.6	10.535	35.832	174.12
797.6	10.532	35.833	174.07
798.6	10.523	35.834	174.02
799.5	10.507	35.833	173.99
800.5	10.494	35.83	173.97
801.5	10.487	35.828	173.97
802.5	10.492	35.831	173.98
803.5	10.495	35.835	174.0
804.5	10.491	35.838	174.03
805.5	10.487	35.839	174.07
806.5	10.486	35.839	174.1
807.5	10.483	35.84	174.13
808.4	10.482	35.841	174.15
809.4	10.481	35.841	174.17
810.4	10.479	35.843	174.19
811.4	10.468	35.845	174.2
812.4	10.459	35.845	174.19
813.4	10.458	35.844	174.16
814.4	10.457	35.845	174.12
815.4	10.453	35.847	174.08
816.4	10.448	35.848	174.05
817.3	10.444	35.848	174.03
818.3	10.442	35.848	174.0
819.3	10.44	35.848	173.98
820.3	10.438	35.848	173.95
821.3	10.437	35.848	173.92
822.3	10.435	35.848	173.89
823.3	10.434	35.848	173.89
824.3	10.431	35.849	173.89
825.3	10.43	35.849	173.9
826.2	10.429	35.849	173.91
827.2	10.424	35.85	173.9
828.2	10.422	35.849	173.88
829.2	10.42	35.849	173.85
830.2	10.419	35.85	173.84
831.2	10.418	35.85	173.83
832.2	10.417	35.851	173.82
833.2	10.414	35.851	173.79
834.2	10.41	35.851	173.75
835.1	10.41	35.851	173.7
836.1	10.411	35.851	173.66
837.1	10.42	35.851	173.63
838.1	10.435	35.856	173.63
839.1	10.446	35.863	173.64
840.1	10.453	35.866	173.66
841.1	10.46	35.869	173.68
842.1	10.464	35.871	173.69
843.1	10.463	35.872	173.72
844.0	10.458	35.873	173.76
845.0	10.453	35.873	173.82
846.0	10.449	35.871	173.9
847.0	10.447	35.871	173.96
848.0	10.447	35.871	174.01
849.0	10.447	35.87	174.03
850.0	10.448	35.871	174.03
851.0	10.446	35.872	174.02
852.0	10.437	35.873	174.01
852.9	10.428	35.873	174.01
853.9	10.413	35.872	174.0
854.9	10.4	35.87	173.97
855.9	10.391	35.867	173.92
856.9	10.386	35.866	173.86
857.9	10.384	35.865	173.8
858.9	10.383	35.865	173.76
859.9	10.378	35.867	173.74
860.8	10.37	35.868	173.73
861.8	10.365	35.867	173.72
862.8	10.363	35.867	173.69
863.8	10.365	35.867	173.67
864.8	10.364	35.868	173.66
865.8	10.359	35.869	173.67
866.8	10.356	35.868	173.7
867.8	10.358	35.869	173.74
868.8	10.36	35.869	173.78
869.7	10.369	35.87	173.82
870.7	10.381	35.874	173.86
871.7	10.389	35.877	173.91
872.7	10.395	35.882	173.98
873.7	10.392	35.885	174.07
874.7	10.391	35.883	174.14
875.7	10.397	35.882	174.19
876.7	10.41	35.888	174.22
877.7	10.414	35.89	174.23
878.6	10.423	35.892	174.25
879.6	10.429	35.896	174.29
880.6	10.431	35.898	174.32
881.6	10.435	35.901	174.34
882.6	10.448	35.902	174.31
883.6	10.478	35.91	174.26
884.6	10.494	35.919	174.21
885.6	10.505	35.922	174.17
886.5	10.518	35.928	174.17
887.5	10.522	35.934	174.2
888.5	10.523	35.937	174.23
889.5	10.525	35.938	174.25
890.5	10.526	35.938	174.26
891.5	10.526	35.938	174.25
892.5	10.527	35.938	174.27
893.5	10.528	35.939	174.32
894.5	10.529	35.939	174.39
895.4	10.529	35.94	174.47
896.4	10.529	35.94	174.54
897.4	10.529	35.941	174.6
898.4	10.529	35.942	174.64
899.4	10.53	35.942	174.67
900.4	10.526	35.946	174.7
901.4	10.498	35.946	174.75
902.4	10.465	35.941	174.82
903.4	10.448	35.933	174.89
904.3	10.434	35.928	174.96
905.3	10.42	35.925	175.02
906.3	10.41	35.922	175.07
907.3	10.396	35.92	175.12
908.3	10.385	35.917	175.18
909.3	10.382	35.915	175.26
910.3	10.382	35.915	175.34
911.3	10.382	35.916	175.43
912.2	10.383	35.916	175.5
913.2	10.384	35.916	175.54
914.2	10.386	35.917	175.57
915.2	10.39	35.918	175.57
916.2	10.394	35.92	175.57
917.2	10.398	35.922	175.57
918.2	10.396	35.925	175.57
919.2	10.39	35.926	175.56
920.2	10.391	35.926	175.54
921.1	10.401	35.931	175.5
922.1	10.406	35.937	175.45
923.1	10.398	35.939	175.43
924.1	10.387	35.938	175.43
925.1	10.381	35.937	175.47
926.1	10.381	35.936	175.53
927.1	10.385	35.937	175.61
928.1	10.39	35.939	175.7
929.0	10.392	35.94	175.77
930.0	10.396	35.94	175.84
931.0	10.401	35.941	175.9
932.0	10.407	35.942	175.98
933.0	10.411	35.944	176.06
934.0	10.417	35.946	176.14
935.0	10.42	35.95	176.19
936.0	10.421	35.95	176.22
937.0	10.423	35.95	176.21
937.9	10.428	35.952	176.19
938.9	10.428	35.952	176.16
939.9	10.431	35.952	176.14
940.9	10.434	35.953	176.14
941.9	10.438	35.955	176.16
942.9	10.436	35.955	176.17
943.9	10.451	35.954	176.15
944.9	10.5	35.962	176.12
945.8	10.527	35.975	176.09
946.8	10.538	35.983	176.06
947.8	10.543	35.987	176.05
948.8	10.553	35.991	176.05
949.8	10.563	35.996	176.06
950.8	10.571	36.0	176.07
951.8	10.577	36.004	176.04
952.8	10.58	36.006	176.01
953.8	10.582	36.006	175.98
954.7	10.592	36.006	175.97
955.7	10.61	36.011	176.0
956.7	10.606	36.02	176.05
957.7	10.593	36.02	176.13
958.7	10.596	36.016	176.23
959.7	10.601	36.016	176.31
960.7	10.615	36.02	176.4
961.7	10.619	36.024	176.51
962.6	10.62	36.025	176.65
963.6	10.621	36.026	176.81
964.6	10.617	36.027	176.97
965.6	10.601	36.029	177.13
966.6	10.576	36.024	177.26
967.6	10.577	36.02	177.36
968.6	10.587	36.024	177.42
969.6	10.586	36.03	177.47
970.5	10.579	36.033	177.51
971.5	10.575	36.032	177.54
972.5	10.574	36.031	177.55
973.5	10.573	36.031	177.53
974.5	10.57	36.031	177.5
975.5	10.566	36.032	177.48
976.5	10.565	36.033	177.45
977.5	10.565	36.034	177.44
978.5	10.562	36.034	177.43
979.4	10.553	36.034	177.44
980.4	10.548	36.032	177.44
981.4	10.547	36.03	177.46
982.4	10.547	36.031	177.49
983.4	10.548	36.032	177.52
984.4	10.549	36.032	177.55
985.4	10.555	36.033	177.57
986.4	10.578	36.04	177.58
987.3	10.596	36.049	177.58
988.3	10.605	36.052	177.58
989.3	10.613	36.056	177.58
990.3	10.619	36.06	177.58
991.3	10.624	36.062	177.6
992.3	10.63	36.065	177.62
993.3	10.637	36.066	177.64
994.3	10.655	36.068	177.67
995.2	10.679	36.076	177.73
996.2	10.686	36.083	177.8
997.2	10.684	36.085	177.9
998.2	10.685	36.085	178.02
999.2	10.687	36.086	178.16
1000.2	10.677	36.087	178.29
1001.2	10.652	36.085	178.43
1002.2	10.608	36.078	178.58
1003.2	10.58	36.072	178.73
1004.1	10.538	36.07	178.88
1005.1	10.521	36.061	179.03
1006.1	10.534	36.051	179.16
1007.1	10.547	36.055	179.28
1008.1	10.541	36.059	179.38
1009.1	10.517	36.058	179.47
1010.1	10.523	36.053	179.55
1011.1	10.535	36.054	179.65
1012.0	10.542	36.06	179.75
1013.0	10.539	36.061	179.85
1014.0	10.538	36.06	179.95
1015.0	10.543	36.062	180.04
1016.0	10.546	36.066	180.13
1017.0	10.534	36.067	180.22
1018.0	10.514	36.066	180.32
1019.0	10.481	36.064	180.41
1019.9	10.425	36.058	180.5
1020.9	10.398	36.045	180.58
1021.9	10.397	36.034	180.63
1022.9	10.413	36.032	180.67
1023.9	10.407	36.035	180.68
1024.9	10.384	36.037	180.68
1025.9	10.37	36.03	180.67
1026.9	10.369	36.03	180.65
1027.8	10.366	36.03	180.62
1028.8	10.361	36.031	180.6
1029.8	10.358	36.031	180.58
1030.8	10.358	36.03	180.56
1031.8	10.357	36.031	180.54
1032.8	10.355	36.032	180.53
1033.8	10.352	36.034	180.55
1034.8	10.349	36.036	180.58
1035.7	10.346	36.038	180.63
1036.7	10.346	36.039	180.69
1037.7	10.346	36.039	180.76
1038.7	10.346	36.039	180.82
1039.7	10.346	36.039	180.89
1040.7	10.346	36.04	180.95
1041.7	10.347	36.042	181.02
1042.7	10.348	36.043	181.1
1043.7	10.349	36.044	181.17
1044.6	10.349	36.045	181.24
1045.6	10.348	36.045	181.28
1046.6	10.348	36.045	181.31
1047.6	10.347	36.046	181.34
1048.6	10.347	36.046	181.38
1049.6	10.346	36.046	181.42
1050.6	10.345	36.046	181.47
1051.6	10.344	36.047	181.53
1052.5	10.343	36.047	181.59
1053.5	10.34	36.048	181.63
1054.5	10.337	36.049	181.69
1055.5	10.334	36.05	181.76
1056.5	10.331	36.051	181.85
1057.5	10.331	36.051	181.95
1058.5	10.331	36.051	182.06
1059.5	10.33	36.052	182.16
1060.4	10.329	36.052	182.27
1061.4	10.328	36.053	182.37
1062.4	10.327	36.053	182.47
1063.4	10.327	36.053	182.57
1064.4	10.327	36.054	182.66
1065.4	10.327	36.054	182.74
1066.4	10.327	36.054	182.8
1067.4	10.327	36.055	182.82
1068.3	10.328	36.056	182.83
1069.3	10.33	36.058	182.84
1070.3	10.331	36.059	182.83
1071.3	10.332	36.06	182.83
1072.3	10.33	36.061	182.81
1073.3	10.326	36.062	182.78
1074.3	10.324	36.062	182.75
1075.3	10.324	36.063	182.73
1076.2	10.324	36.063	182.72
1077.2	10.324	36.063	182.73
1078.2	10.323	36.065	182.76
1079.2	10.32	36.066	182.8
1080.2	10.319	36.067	182.83
1081.2	10.319	36.067	182.87
1082.2	10.319	36.068	182.89
1083.2	10.319	36.069	182.91
1084.1	10.317	36.07	182.93
1085.1	10.315	36.07	182.95
1086.1	10.313	36.071	182.98
1087.1	10.311	36.071	183.01
1088.1	10.309	36.072	183.05
1089.1	10.307	36.073	183.08
1090.1	10.305	36.074	183.12
1091.1	10.304	36.074	183.17
1092.0	10.303	36.074	183.22
1093.0	10.301	36.074	183.29
1094.0	10.3	36.075	183.37
1095.0	10.299	36.075	183.46
1096.0	10.3	36.075	183.55
1097.0	10.301	36.075	183.64
1098.0	10.3	36.076	183.71
1099.0	10.299	36.076	183.77
1099.9	10.299	36.077	183.82
1100.9	10.298	36.077	183.87
1101.9	10.296	36.077	183.93
1102.9	10.293	36.078	184.01
1103.9	10.291	36.079	184.1
1104.9	10.288	36.081	184.21
1105.9	10.285	36.083	184.33
1106.9	10.282	36.084	184.46
1107.8	10.28	36.084	184.6
1108.8	10.278	36.084	184.74
1109.8	10.276	36.084	184.89
1110.8	10.275	36.084	185.05
1111.8	10.275	36.084	185.19
1112.8	10.275	36.084	185.31
1113.8	10.275	36.084	185.41
1114.8	10.274	36.084	185.49
1115.7	10.273	36.084	185.54
1116.7	10.273	36.084	185.56
1117.7	10.273	36.084	185.55
1118.7	10.272	36.085	185.54
1119.7	10.271	36.085	185.52
1120.7	10.27	36.084	185.5
1121.7	10.269	36.085	185.49
1122.7	10.268	36.085	185.49
1123.6	10.266	36.085	185.49
1124.6	10.267	36.085	185.49
1125.6	10.266	36.085	185.5
1126.6	10.263	36.086	185.51
1127.6	10.262	36.086	185.55
1128.6	10.26	36.086	185.61
1129.6	10.259	36.086	185.69
1130.5	10.258	36.086	185.78
1131.5	10.257	36.086	185.87
1132.5	10.254	36.086	185.96
1133.5	10.252	36.086	186.05
1134.5	10.25	36.086	186.16
1135.5	10.248	36.086	186.29
1136.5	10.247	36.086	186.42
1137.5	10.246	36.086	186.56
1138.4	10.245	36.087	186.7
1139.4	10.243	36.087	186.82
1140.4	10.242	36.087	186.93
1141.4	10.241	36.087	187.04
1142.4	10.239	36.087	187.13
1143.4	10.235	36.087	187.22
1144.4	10.231	36.087	187.29
1145.4	10.229	36.087	187.35
1146.3	10.227	36.087	187.39
1147.3	10.223	36.088	187.42
1148.3	10.219	36.088	187.44
1149.3	10.215	36.088	187.45
1150.3	10.212	36.088	187.45
1151.3	10.208	36.088	187.45
1152.3	10.204	36.089	187.46
1153.3	10.201	36.088	187.47
1154.2	10.198	36.088	187.49
1155.2	10.197	36.087	187.52
1156.2	10.196	36.087	187.54
1157.2	10.195	36.087	187.55
1158.2	10.194	36.087	187.57
1159.2	10.192	36.087	187.6
1160.2	10.192	36.087	187.63
1161.2	10.192	36.087	187.66
1162.1	10.19	36.087	187.69
1163.1	10.188	36.087	187.72
1164.1	10.186	36.087	187.75
1165.1	10.182	36.087	187.77
1166.1	10.175	36.087	187.8
1167.1	10.168	36.087	187.83
1168.1	10.16	36.086	187.88
1169.1	10.153	36.085	187.93
1170.0	10.147	36.084	187.98
1171.0	10.14	36.084	188.04
1172.0	10.134	36.083	188.09
1173.0	10.131	36.082	188.15
1174.0	10.13	36.082	188.2
1175.0	10.128	36.082	188.26
1176.0	10.126	36.082	188.3
1176.9	10.125	36.082	188.33
1177.9	10.123	36.081	188.36
1178.9	10.121	36.081	188.39
1179.9	10.12	36.081	188.42
1180.9	10.119	36.081	188.45
1181.9	10.116	36.081	188.49
1182.9	10.114	36.081	188.53
1183.9	10.111	36.081	188.57
1184.8	10.105	36.082	188.61
1185.8	10.098	36.081	188.66
1186.8	10.092	36.081	188.71
1187.8	10.088	36.081	188.75
1188.8	10.085	36.08	188.79
1189.8	10.084	36.08	188.83
1190.8	10.082	36.08	188.85
1191.8	10.078	36.08	188.87
1192.7	10.072	36.08	188.87
1193.7	10.069	36.079	188.85
1194.7	10.068	36.079	188.81
1195.7	10.067	36.078	188.76
1196.7	10.064	36.079	188.71
1197.7	10.062	36.078	188.66
1198.7	10.057	36.079	188.62
1199.6	10.048	36.078	188.58
1200.6	10.043	36.076	188.55
1201.6	10.045	36.074	188.53
1202.6	10.042	36.075	188.5
1203.6	10.033	36.075	188.49
1204.6	10.029	36.075	188.51
1205.6	10.022	36.074	188.57
1206.6	10.021	36.073	188.65
1207.5	10.024	36.073	188.76
1208.5	10.027	36.074	188.86
1209.5	10.028	36.075	188.96
1210.5	10.029	36.075	189.07
1211.5	10.03	36.077	189.18
1212.5	10.023	36.078	189.31
1213.5	10.011	36.077	189.44
1214.5	10.003	36.074	189.58
1215.4	9.998	36.072	189.7
1216.4	9.997	36.071	189.8
1217.4	9.994	36.07	189.89
1218.4	9.989	36.07	189.98
1219.4	9.984	36.069	190.06
1220.4	9.976	36.069	190.16
1221.4	9.966	36.067	190.25
1222.3	9.959	36.065	190.34
1223.3	9.948	36.064	190.43
1224.3	9.929	36.062	190.52
1225.3	9.916	36.058	190.6
1226.3	9.913	36.056	190.69
1227.3	9.91	36.055	190.78
1228.3	9.903	36.056	190.86
1229.3	9.893	36.055	190.95
1230.2	9.884	36.053	191.04
1231.2	9.871	36.053	191.12
1232.2	9.856	36.051	191.2
1233.2	9.845	36.048	191.26
1234.2	9.839	36.046	191.31
1235.2	9.836	36.045	191.35
1236.2	9.835	36.045	191.38
1237.1	9.833	36.045	191.41
1238.1	9.832	36.044	191.42
1239.1	9.833	36.044	191.43
1240.1	9.833	36.045	191.43
1241.1	9.831	36.045	191.43
1242.1	9.828	36.045	191.41
1243.1	9.825	36.045	191.39
1244.1	9.818	36.044	191.37
1245.0	9.805	36.043	191.36
1246.0	9.797	36.041	191.36
1247.0	9.793	36.04	191.36
1248.0	9.788	36.04	191.37
1249.0	9.78	36.039	191.38
1250.0	9.773	36.038	191.39
1251.0	9.769	36.036	191.4
1252.0	9.767	36.035	191.42
1252.9	9.766	36.035	191.45
1253.9	9.765	36.035	191.5
1254.9	9.762	36.035	191.55
1255.9	9.758	36.035	191.61
1256.9	9.751	36.034	191.67
1257.9	9.741	36.033	191.73
1258.9	9.727	36.032	191.79
1259.8	9.71	36.03	191.86
1260.8	9.697	36.027	191.94
1261.8	9.69	36.025	192.02
1262.8	9.682	36.024	192.1
1263.8	9.668	36.023	192.16
1264.8	9.657	36.02	192.21
1265.8	9.65	36.018	192.25
1266.8	9.644	36.017	192.27
1267.7	9.637	36.017	192.3
1268.7	9.624	36.016	192.31
1269.7	9.614	36.013	192.32
1270.7	9.613	36.011	192.33
1271.7	9.619	36.012	192.32
1272.7	9.628	36.015	192.3
1273.7	9.63	36.019	192.28
1274.6	9.629	36.02	192.27
1275.6	9.634	36.019	192.26
1276.6	9.64	36.021	192.26
1277.6	9.642	36.023	192.26
1278.6	9.645	36.023	192.26
1279.6	9.648	36.025	192.24
1280.6	9.646	36.026	192.21
1281.5	9.642	36.025	192.16
1282.5	9.636	36.024	192.1
1283.5	9.622	36.025	192.03
1284.5	9.597	36.024	191.96
1285.5	9.573	36.018	191.88
1286.5	9.575	36.014	191.77
1287.5	9.622	36.022	191.63
1288.5	9.709	36.04	191.47
1289.4	9.882	36.077	191.3
1290.4	10.073	36.129	191.14
1291.4	10.11	36.153	191.01
1292.4	10.108	36.16	190.89
1293.4	10.11	36.161	190.78
1294.4	10.114	36.161	190.67
1295.4	10.116	36.162	190.57
1296.3	10.117	36.163	190.47
1297.3	10.118	36.163	190.4
1298.3	10.121	36.162	190.35
1299.3	10.129	36.162	190.33
1300.3	10.141	36.165	190.33
1301.3	10.149	36.169	190.33
1302.3	10.15	36.171	190.33
1303.3	10.149	36.171	190.32
1304.2	10.15	36.171	190.31
1305.2	10.154	36.171	190.31
1306.2	10.159	36.172	190.32
1307.2	10.159	36.174	190.33
1308.2	10.148	36.176	190.35
1309.2	10.121	36.173	190.36
1310.2	10.088	36.167	190.37
1311.1	10.063	36.162	190.38
1312.1	10.034	36.157	190.39
1313.1	10.003	36.152	190.4
1314.1	9.985	36.146	190.44
1315.1	9.977	36.141	190.5
1316.1	9.974	36.139	190.57
1317.1	9.973	36.139	190.65
1318.1	9.972	36.138	190.74
1319.0	9.969	36.138	190.83
1320.0	9.965	36.137	190.93
1321.0	9.96	36.136	191.05
1322.0	9.956	36.135	191.19
1323.0	9.954	36.135	191.34
1324.0	9.952	36.134	191.51
1325.0	9.945	36.133	191.69
1325.9	9.935	36.131	191.88
1326.9	9.915	36.13	192.08
1327.9	9.858	36.13	192.31
1328.9	9.737	36.118	192.55
1329.9	9.597	36.089	192.8
1330.9	9.513	36.06	193.05
1331.9	9.468	36.041	193.3
1332.8	9.453	36.032	193.54
1333.8	9.446	36.027	193.78
1334.8	9.442	36.026	194.01
1335.8	9.441	36.024	194.22
1336.8	9.442	36.025	194.42
1337.8	9.439	36.026	194.59
1338.8	9.428	36.025	194.74
1339.7	9.417	36.022	194.89
1340.7	9.403	36.021	195.03
1341.7	9.372	36.017	195.16
1342.7	9.338	36.01	195.28
1343.7	9.323	36.003	195.38
1344.7	9.318	36.0	195.48
1345.7	9.313	36.0	195.58
1346.7	9.306	35.999	195.68
1347.6	9.3	35.997	195.77
1348.6	9.296	35.996	195.87
1349.6	9.291	35.996	195.95
1350.6	9.288	35.995	196.02
1351.6	9.287	35.995	196.07
1352.6	9.287	35.995	196.12
1353.6	9.29	35.995	196.16
1354.5	9.294	35.997	196.21
1355.5	9.296	35.998	196.26
1356.5	9.292	35.998	196.28
1357.5	9.287	35.997	196.29
1358.5	9.284	35.996	196.27
1359.5	9.283	35.995	196.23
1360.5	9.284	35.995	196.18
1361.4	9.285	35.995	196.12
1362.4	9.289	35.995	196.05
1363.4	9.303	35.997	195.97
1364.4	9.356	36.003	195.88
1365.4	9.452	36.022	195.77
1366.4	9.538	36.051	195.66
1367.4	9.58	36.071	195.56
1368.4	9.618	36.078	195.48
1369.3	9.678	36.09	195.43
1370.3	9.713	36.107	195.4
1371.3	9.728	36.118	195.38
1372.3	9.749	36.122	195.38
1373.3	9.769	36.129	195.4
1374.3	9.773	36.135	195.44
1375.3	9.769	36.136	195.49
1376.2	9.761	36.136	195.57
1377.2	9.74	36.134	195.66
1378.2	9.718	36.129	195.76
1379.2	9.708	36.124	195.86
1380.2	9.709	36.122	195.96
1381.2	9.715	36.123	196.07
1382.2	9.721	36.125	196.19
1383.1	9.707	36.129	196.32
1384.1	9.665	36.129	196.46
1385.1	9.624	36.119	196.6
1386.1	9.597	36.11	196.74
1387.1	9.586	36.106	196.87
1388.1	9.578	36.106	197.0
1389.1	9.563	36.105	197.14
1390.0	9.551	36.102	197.28
1391.0	9.544	36.099	197.42
1392.0	9.534	36.098	197.56
1393.0	9.504	36.095	197.7
1394.0	9.441	36.087	197.83
1395.0	9.384	36.074	197.96
1396.0	9.361	36.064	198.1
1396.9	9.338	36.057	198.24
1397.9	9.316	36.053	198.39
1398.9	9.281	36.046	198.55
1399.9	9.222	36.037	198.7
1400.9	9.181	36.024	198.86
1401.9	9.174	36.016	199.02
1402.9	9.17	36.014	199.17
1403.8	9.16	36.013	199.33
1404.8	9.148	36.011	199.47
1405.8	9.138	36.008	199.61
1406.8	9.124	36.005	199.75
1407.8	9.105	36.002	199.87
1408.8	9.088	35.997	199.97
1409.8	9.08	35.993	200.06
1410.8	9.075	35.992	200.13
1411.7	9.066	35.99	200.2
1412.7	9.057	35.988	200.24
1413.7	9.048	35.986	200.27
1414.7	9.045	35.984	200.3
1415.7	9.05	35.985	200.31
1416.7	9.056	35.987	200.33
1417.7	9.06	35.988	200.35
1418.6	9.067	35.99	200.39
1419.6	9.077	35.992	200.44
1420.6	9.091	35.996	200.51
1421.6	9.103	36.003	200.6
1422.6	9.102	36.006	200.71
1423.6	9.059	36.005	200.83
1424.6	8.997	36.001	200.96
1425.5	8.945	35.994	201.11
1426.5	8.878	35.984	201.29
1427.5	8.827	35.968	201.48
1428.5	8.787	35.951	201.68
1429.5	8.751	35.939	201.89
1430.5	8.716	35.932	202.1
1431.5	8.696	35.928	202.29
1432.4	8.7	35.927	202.48
1433.4	8.705	35.928	202.66
1434.4	8.698	35.931	202.86
1435.4	8.678	35.93	203.06
1436.4	8.66	35.926	203.26
1437.4	8.639	35.924	203.45
1438.4	8.599	35.919	203.62
1439.3	8.556	35.909	203.79
1440.3	8.528	35.901	203.94
1441.3	8.502	35.897	204.1
1442.3	8.477	35.891	204.25
1443.3	8.461	35.886	204.4
1444.3	8.448	35.884	204.54
1445.3	8.428	35.882	204.67
1446.2	8.407	35.88	204.8
1447.2	8.392	35.874	204.92
1448.2	8.382	35.868	205.04
1449.2	8.374	35.865	205.13
1450.2	8.363	35.864	205.21
1451.2	8.348	35.863	205.28
1452.2	8.334	35.86	205.34
1453.1	8.325	35.856	205.41
1454.1	8.314	35.853	205.47
1455.1	8.307	35.851	205.52
1456.1	8.302	35.85	205.56
1457.1	8.289	35.85	205.58
1458.1	8.271	35.845	205.6
1459.1	8.265	35.84	205.61
1460.0	8.26	35.839	205.64
1461.0	8.253	35.839	205.69
1462.0	8.25	35.838	205.74
1463.0	8.25	35.837	205.78
1464.0	8.247	35.837	205.82
1465.0	8.243	35.836	205.84
1466.0	8.238	35.836	205.87
1466.9	8.231	35.835	205.89
1467.9	8.22	35.833	205.92
1468.9	8.209	35.83	205.95
1469.9	8.205	35.829	205.98
1470.9	8.205	35.828	206.0
1471.9	8.204	35.828	205.99
1472.9	8.201	35.828	205.97
1473.8	8.196	35.827	205.94
1474.8	8.194	35.826	205.91
1475.8	8.195	35.825	205.89
1476.8	8.199	35.826	205.87
1477.8	8.2	35.827	205.86
1478.8	8.198	35.828	205.86
1479.8	8.198	35.827	205.85
1480.7	8.196	35.827	205.82
1481.7	8.191	35.828	205.79
1482.7	8.179	35.828	205.78
1483.7	8.165	35.825	205.79
1484.7	8.158	35.822	205.82
1485.7	8.156	35.82	205.87
1486.7	8.149	35.82	205.93
1487.6	8.136	35.817	205.98
1488.6	8.125	35.814	206.03
1489.6	8.119	35.812	206.08
1490.6	8.113	35.811	206.15
1491.6	8.111	35.81	206.25
1492.6	8.111	35.81	206.35
1493.6	8.108	35.81	206.45
1494.5	8.099	35.809	206.52
1495.5	8.088	35.807	206.57
1496.5	8.078	35.805	206.6
1497.5	8.071	35.804	206.62
1498.5	8.07	35.802	206.64
1499.5	8.072	35.802	206.66
1500.5	8.072	35.802	206.67
1501.4	8.073	35.802	206.64
1502.4	8.078	35.801	206.6
1503.4	8.082	35.801	206.55
1504.4	8.086	35.802	206.52
1505.4	8.088	35.804	206.51
1506.4	8.088	35.805	206.52
1507.4	8.086	35.805	206.55
1508.3	8.084	35.804	206.57
1509.3	8.081	35.804	206.58
1510.3	8.073	35.804	206.6
1511.3	8.066	35.803	206.62
1512.3	8.063	35.801	206.67
1513.3	8.06	35.8	206.73
1514.3	8.055	35.8	206.8
1515.2	8.04	35.798	206.86
1516.2	8.021	35.794	206.92
1517.2	8.012	35.791	206.96
1518.2	8.011	35.79	206.99
1519.2	8.008	35.789	207.03
1520.2	8.0	35.789	207.06
1521.2	7.993	35.787	207.09
1522.1	7.989	35.786	207.13
1523.1	7.986	35.785	207.16
1524.1	7.983	35.785	207.19
1525.1	7.98	35.784	207.2
1526.1	7.977	35.783	207.2
1527.1	7.976	35.782	207.2
1528.0	7.974	35.782	207.2
1529.0	7.97	35.782	207.21
1530.0	7.967	35.782	207.24
1531.0	7.965	35.781	207.28
1532.0	7.963	35.78	207.32
1533.0	7.963	35.78	207.37
1534.0	7.965	35.78	207.4
1534.9	7.966	35.78	207.43
1535.9	7.965	35.781	207.46
1536.9	7.961	35.78	207.5
1537.9	7.959	35.779	207.54
1538.9	7.962	35.777	207.57
1539.9	7.961	35.778	207.6
1540.9	7.958	35.779	207.61
1541.8	7.961	35.78	207.61
1542.8	7.967	35.781	207.59
1543.8	7.971	35.782	207.57
1544.8	7.97	35.781	207.56
1545.8	7.953	35.778	207.57
1546.8	7.93	35.775	207.61
1547.8	7.916	35.774	207.65
1548.7	7.89	35.77	207.71
1549.7	7.861	35.763	207.77
1550.7	7.848	35.758	207.83
1551.7	7.842	35.757	207.9
1552.7	7.826	35.756	207.98
1553.7	7.805	35.754	208.07
1554.7	7.791	35.749	208.17
1555.6	7.788	35.746	208.27
1556.6	7.786	35.745	208.35
1557.6	7.784	35.744	208.42
1558.6	7.786	35.745	208.47
1559.6	7.789	35.746	208.51
1560.6	7.79	35.746	208.54
1561.6	7.791	35.746	208.56
1562.5	7.793	35.745	208.59
1563.5	7.793	35.746	208.61
1564.5	7.788	35.746	208.64
1565.5	7.784	35.746	208.67
1566.5	7.783	35.745	208.67
1567.5	7.786	35.744	208.64
1568.4	7.789	35.744	208.61
1569.4	7.783	35.744	208.58
1570.4	7.774	35.743	208.56
1571.4	7.768	35.742	208.55
1572.4	7.763	35.741	208.56
1573.4	7.762	35.74	208.58
1574.4	7.755	35.739	208.58
1575.3	7.746	35.739	208.58
1576.3	7.743	35.74	208.59
1577.3	7.73	35.738	208.64
1578.3	7.705	35.733	208.73
1579.3	7.69	35.728	208.86
1580.3	7.69	35.726	209.0
1581.3	7.689	35.726	209.16
1582.2	7.686	35.726	209.3
1583.2	7.651	35.721	209.45
1584.2	7.603	35.713	209.6
1585.2	7.578	35.708	209.77
1586.2	7.549	35.703	209.95
1587.2	7.529	35.697	210.12
1588.2	7.521	35.694	210.28
1589.1	7.515	35.692	210.42
1590.1	7.509	35.691	210.54
1591.1	7.504	35.69	210.65
1592.1	7.497	35.689	210.76
1593.1	7.491	35.687	210.88
1594.1	7.488	35.686	210.99
1595.0	7.483	35.686	211.08
1596.0	7.461	35.683	211.17
1597.0	7.423	35.678	211.25
1598.0	7.398	35.674	211.35
1599.0	7.387	35.669	211.46
1600.0	7.376	35.665	211.59
1601.0	7.37	35.663	211.71
1601.9	7.353	35.662	211.83
1602.9	7.33	35.66	211.93
1603.9	7.292	35.654	212.03
1604.9	7.243	35.645	212.14
1605.9	7.203	35.635	212.27
1606.9	7.168	35.627	212.42
1607.9	7.139	35.621	212.55
1608.8	7.121	35.616	212.67
1609.8	7.118	35.614	212.75
1610.8	7.117	35.613	212.82
1611.8	7.117	35.613	212.9
1612.8	7.117	35.614	212.98
1613.8	7.115	35.614	213.07
1614.7	7.112	35.613	213.17
1615.7	7.11	35.613	213.25
1616.7	7.11	35.612	213.32
1617.7	7.109	35.612	213.37
1618.7	7.109	35.612	213.4
1619.7	7.108	35.612	213.43
1620.7	7.106	35.612	213.48
1621.6	7.1	35.612	213.54
1622.6	7.079	35.609	213.62
1623.6	7.047	35.604	213.68
1624.6	7.026	35.599	213.74
1625.6	7.013	35.596	213.79
1626.6	7.001	35.594	213.82
1627.6	6.991	35.591	213.86
1628.5	6.983	35.589	213.93
1629.5	6.978	35.588	214.01
1630.5	6.971	35.587	214.11
1631.5	6.965	35.586	214.21
1632.5	6.961	35.584	214.29
1633.5	6.958	35.583	214.35
1634.4	6.95	35.582	214.42
1635.4	6.931	35.58	214.49
1636.4	6.916	35.577	214.58
1637.4	6.915	35.576	214.66
1638.4	6.915	35.576	214.73
1639.4	6.913	35.576	214.78
1640.4	6.908	35.576	214.82
1641.3	6.89	35.574	214.85
1642.3	6.869	35.569	214.89
1643.3	6.857	35.566	214.92
1644.3	6.849	35.564	214.95
1645.3	6.846	35.563	214.95
1646.3	6.843	35.562	214.94
1647.3	6.84	35.562	214.92
1648.2	6.837	35.561	214.88
1649.2	6.835	35.56	214.83
1650.2	6.832	35.559	214.78
1651.2	6.831	35.559	214.7
1652.2	6.832	35.56	214.6
1653.2	6.832	35.56	214.49
1654.1	6.832	35.56	214.38
1655.1	6.832	35.561	214.26
1656.1	6.832	35.56	214.13
1657.1	6.831	35.56	214.01
1658.1	6.83	35.56	213.88
1659.1	6.83	35.56	213.78
1660.1	6.831	35.56	213.7
1661.0	6.831	35.56	213.63
1662.0	6.828	35.56	213.57
1663.0	6.826	35.559	213.52
1664.0	6.823	35.559	213.47
1665.0	6.82	35.558	213.42
1666.0	6.819	35.558	213.4
1666.9	6.817	35.557	213.39
1667.9	6.813	35.557	213.39
1668.9	6.812	35.557	213.38
1669.9	6.812	35.556	213.34
1670.9	6.812	35.556	213.28
1671.9	6.812	35.556	213.22
1672.9	6.812	35.556	213.15
1673.8	6.811	35.556	213.07
1674.8	6.808	35.556	212.97
1675.8	6.807	35.555	212.86
1676.8	6.806	35.555	212.74
1677.8	6.805	35.555	212.62
1678.8	6.803	35.555	212.51
1679.7	6.799	35.555	212.43
1680.7	6.795	35.554	212.41
1681.7	6.792	35.553	212.42
1682.7	6.791	35.553	212.46
1683.7	6.791	35.552	212.53
1684.7	6.791	35.552	212.65
1685.7	6.791	35.552	212.79
1686.6	6.788	35.552	212.94
1687.6	6.784	35.551	213.08
1688.6	6.782	35.55	213.18
1689.6	6.781	35.55	213.22
1690.6	6.778	35.55	213.2
1691.6	6.774	35.55	213.12
1692.5	6.769	35.549	212.98
1693.5	6.765	35.548	212.77
1694.5	6.759	35.547	212.52
1695.5	6.753	35.546	212.24
1696.5			
1697.5			
1698.5			
1699.4			
1700.4			
1701.4			
1702.4			
1703.4			
1704.4			
1705.3			
1706.3			
1707.3			
1708.3			
1709.3			
1710.3			
1711.3			
1712.2			
1713.2			
1714.2			
1715.2			
1716.2			
1717.2			
1718.1			
1719.1			
1720.1			
1721.1			
1722.1			
1723.1			
1724.1			
1725.0			
1726.0			
1727.0			
1728.0			
1729.0			
1730.0			
1730.9			
1731.9			
1732.9			
1733.9			
1734.9			
1735.9			
1736.9			
1737.8			
1738.8			
1739.8			
1740.8			
1741.8			
1742.8			
1743.7			
1744.7			
1745.7			
1746.7			
1747.7			
1748.7			
1749.7			
1750.6			
1751.6			
1752.6			
1753.6			
1754.6			
1755.6			
1756.5			
1757.5			
1758.5			
1759.5			
1760.5			
1761.5			
1762.4			
1763.4			
1764.4			
1765.4			
1766.4			
1767.4			
1768.4			
1769.3			
1770.3			
1771.3			
1772.3			
1773.3			
1774.3			
1775.2			
1776.2			
1777.2			
1778.2			
1779.2			
1780.2			
1781.1			
1782.1			
1783.1			
1784.1			
1785.1			
1786.1			
1787.1			
1788.0			
1789.0			
1790.0			
1791.0			
1792.0			
1793.0			
1793.9			
1794.9			
1795.9			
1796.9			
1797.9			
1798.9			
1799.8			
1800.8			
1801.8			
1802.8			
1803.8			
1804.8			
1805.8			
1806.7			
1807.7			
1808.7			
1809.7			
1810.7			
1811.7			
1812.6			
1813.6			
1814.6			
1815.6			
1816.6			
1817.6			
1818.5			
1819.5			
1820.5			
1821.5			
1822.5			
1823.5			
1824.5			
1825.4			
1826.4			
1827.4			
1828.4			
1829.4			
1830.4			
1831.3			
1832.3			
1833.3			
1834.3			
1835.3			
1836.3			
1837.2			
1838.2			
1839.2			
1840.2			
1841.2			
1842.2			
1843.1			
1844.1			
1845.1			
1846.1			
1847.1			
1848.1			
1849.1			
1850.0			
1851.0			
1852.0			
1853.0			
1854.0			
1855.0			
1855.9			
1856.9			
1857.9			
1858.9			
1859.9			
1860.9			
1861.8			
1862.8			
1863.8			
1864.8			
1865.8			
1866.8			
1867.7			
1868.7			
1869.7			
1870.7			
1871.7			
1872.7			
1873.6			
1874.6			
1875.6			
1876.6			
1877.6			
1878.6			
1879.6			
1880.5			
1881.5			
1882.5			
1883.5			
1884.5			
1885.5			
1886.4			
1887.4			
1888.4			
1889.4			
1890.4			
1891.4			
1892.3			
1893.3			
1894.3			
1895.3			
1896.3			
1897.3			
1898.2			
1899.2			
1900.2			
1901.2			
1902.2			
1903.2			
1904.1			
1905.1			
1906.1			
1907.1			
1908.1			
1909.1			
1910.0			
1911.0			
1912.0			
1913.0			
1914.0			
1915.0			
1915.9			
1916.9			
1917.9			
1918.9			
1919.9			
1920.9			
1921.8			
1922.8			
1923.8			
1924.8			
1925.8			
1926.8			
1927.8			
1928.7			
1929.7			
1930.7			
1931.7			
1932.7			
1933.7			
1934.6			
1935.6			
1936.6			
1937.6			
1938.6			
1939.6			
1940.5			
1941.5			
1942.5			
1943.5			
1944.5			
1945.5			
1946.4			
1947.4			
1948.4			
1949.4			
1950.4			
1951.4			
1952.3			
1953.3			
1954.3			
1955.3			
1956.3			
1957.3			
1958.2			
1959.2			
1960.2			
1961.2			
1962.2			
1963.2			
1964.1			
1965.1			
1966.1			
1967.1			
1968.1			
1969.1			
1970.0			
1971.0			
1972.0			
1973.0			
1974.0			
1975.0			
1975.9			
1976.9			
1977.9			
1978.9			
1979.9			
1980.9			
1981.8			
1982.8			
1983.8			
1984.8			
1985.8			
1986.8			
1987.7			
1988.7			
1989.7			
1990.7			
1991.7			
1992.7			
1993.6			
1994.6			
1995.6			
1996.6			
1997.6			
1998.6			
1999.5			
2000.5			
2001.5			
2002.5			
2003.5			
2004.5			
2005.4			
2006.4			
2007.4			
2008.4			
2009.4			
2010.4			
2011.3			
2012.3			
2013.3			
2014.3			
2015.3			
2016.3			
2017.2			
2018.2			
2019.2			
2020.2			
2021.2			
2022.2			
2023.1			
2024.1			
2025.1			
2026.1			
2027.1			
2028.0			
2029.0			
2030.0			
2031.0			
2032.0			
2033.0			
2033.9			
2034.9			
2035.9			
2036.9			
2037.9			
2038.9			
2039.8			
2040.8			
2041.8			
2042.8			
2043.8			
2044.8			
2045.7			
2046.7			
2047.7			
2048.7			
2049.7			
2050.7			
2051.6			
2052.6			
2053.6			
2054.6			
2055.6			
2056.6			
2057.5			
2058.5			
2059.5			
2060.5			
2061.5			
2062.5			
2063.4			
2064.4			
2065.4			
2066.4			
2067.4			
2068.4			
2069.3			
2070.3			
2071.3			
2072.3			
2073.3			
2074.3			
2075.2			
2076.2			
2077.2			
2078.2			
2079.2			
2080.1			
2081.1			
2082.1			
2083.1			
2084.1			
2085.1			
2086.0			
2087.0			
2088.0			
2089.0			
2090.0			
2091.0			
2091.9			
2092.9			
2093.9			
2094.9			
2095.9			
2096.9			
2097.8			
2098.8			
2099.8			
2100.8			
2101.8			
2102.8			
2103.7			
2104.7			
2105.7			
2106.7			
2107.7			
2108.6			
2109.6			
2110.6			
2111.6			
2112.6			
2113.6			
2114.5			
2115.5			
2116.5			
2117.5			
2118.5			
2119.5			
2120.4			
2121.4			
2122.4			
2123.4			
2124.4			
2125.4			
2126.3			
2127.3			
2128.3			
2129.3			
2130.3			
2131.2			
2132.2			
2133.2			
2134.2			
2135.2			
2136.2			
2137.1			
2138.1			
2139.1			
2140.1			
2141.1			
2142.1			
2143.0			
2144.0			
2145.0			
2146.0			
2147.0			
