Depth [m]	Temperature [degC]	Salinity [PSU]	Oxygen [umol/kg]
1.0	17.771	36.018	247.71
2.0	17.771	36.018	248.01
3.0	17.771	36.018	248.35
4.0	17.771	36.018	248.77
5.0	17.771	36.018	249.3
6.0	17.789	36.022	249.97
6.9	17.819	36.022	250.84
7.9	17.822	36.022	251.9
8.9	17.829	36.024	253.1
9.9	17.801	36.024	254.4
10.9	17.54	36.04	255.77
11.9	16.994	36.055	257.17
12.9	16.627	36.041	258.55
13.9	16.561	36.016	259.86
14.9	16.525	36.0	261.06
15.9	16.506	35.996	262.1
16.9	16.484	36.0	262.96
17.9	16.455	36.003	263.6
18.9	16.434	36.002	264.03
19.9	16.417	36.004	264.26
20.8	16.392	36.01	264.32
21.8	16.367	36.014	264.22
22.8	16.353	36.015	263.98
23.8	16.342	36.016	263.64
24.8	16.332	36.017	263.21
25.8	16.325	36.018	262.74
26.8	16.316	36.02	262.23
27.8	16.304	36.022	261.73
28.8	16.293	36.023	261.21
29.8	16.286	36.025	260.64
30.8	16.279	36.028	260.02
31.8	16.261	36.033	259.35
32.8	16.23	36.041	258.61
33.7	16.185	36.052	257.79
34.7	16.112	36.067	256.88
35.7	16.03	36.079	255.86
36.7	15.987	36.08	254.72
37.7	15.98	36.078	253.45
38.7	15.996	36.084	252.04
39.7	16.028	36.108	250.54
40.7	16.037	36.14	248.99
41.7	15.994	36.162	247.41
42.7	15.944	36.171	245.81
43.7	15.93	36.174	244.24
44.7	15.922	36.183	242.71
45.7	15.906	36.186	241.25
46.7	15.9	36.185	239.89
47.6	15.895	36.184	238.64
48.6	15.887	36.184	237.55
49.6	15.88	36.183	236.64
50.6	15.872	36.182	235.91
51.6	15.862	36.181	235.32
52.6	15.854	36.18	234.83
53.6	15.849	36.179	234.43
54.6	15.842	36.179	234.08
55.6	15.83	36.179	233.78
56.6	15.818	36.178	233.51
57.6	15.806	36.176	233.27
58.6	15.795	36.175	233.05
59.6	15.783	36.174	232.8
60.5	15.764	36.173	232.51
61.5	15.736	36.17	232.15
62.5	15.697	36.166	231.74
63.5	15.662	36.161	231.31
64.5	15.645	36.157	230.86
65.5	15.64	36.156	230.43
66.5	15.624	36.158	230.0
67.5	15.584	36.157	229.53
68.5	15.516	36.149	229.02
69.5	15.44	36.134	228.46
70.5	15.389	36.124	227.87
71.5	15.368	36.121	227.3
72.5	15.355	36.12	226.75
73.4	15.342	36.119	226.23
74.4	15.329	36.116	225.74
75.4	15.32	36.114	225.27
76.4	15.312	36.112	224.81
77.4	15.304	36.11	224.38
78.4	15.3	36.11	224.03
79.4	15.3	36.11	223.81
80.4	15.298	36.11	223.69
81.4	15.297	36.109	223.64
82.4	15.297	36.109	223.61
83.4	15.296	36.109	223.61
84.4	15.295	36.109	223.62
85.4	15.293	36.109	223.65
86.3	15.288	36.109	223.7
87.3	15.277	36.108	223.76
88.3	15.258	36.107	223.82
89.3	15.222	36.104	223.84
90.3	15.181	36.097	223.79
91.3	15.161	36.09	223.67
92.3	15.159	36.088	223.52
93.3	15.156	36.088	223.34
94.3	15.15	36.088	223.12
95.3	15.135	36.089	222.83
96.3	15.107	36.087	222.44
97.3	15.067	36.082	221.96
98.3	15.02	36.073	221.42
99.2	14.968	36.067	220.83
100.2	14.897	36.059	220.2
101.2	14.84	36.048	219.57
102.2	14.826	36.041	218.97
103.2	14.819	36.038	218.39
104.2	14.813	36.037	217.83
105.2	14.811	36.037	217.33
106.2	14.811	36.038	216.94
107.2	14.807	36.037	216.72
108.2	14.79	36.037	216.63
109.2	14.753	36.035	216.64
110.2	14.692	36.026	216.72
111.2	14.647	36.016	216.85
112.1	14.633	36.013	217.02
113.1	14.613	36.01	217.21
114.1	14.595	36.008	217.39
115.1	14.581	36.005	217.57
116.1	14.558	36.002	217.73
117.1	14.531	35.999	217.83
118.1	14.499	35.995	217.87
119.1	14.459	35.991	217.87
120.1	14.429	35.984	217.84
121.1	14.417	35.978	217.81
122.1	14.408	35.976	217.77
123.1	14.397	35.975	217.72
124.0	14.377	35.974	217.66
125.0	14.341	35.971	217.62
126.0	14.303	35.965	217.58
127.0	14.276	35.959	217.55
128.0	14.256	35.954	217.52
129.0	14.243	35.95	217.48
130.0	14.23	35.948	217.41
131.0	14.208	35.945	217.33
132.0	14.189	35.941	217.22
133.0	14.181	35.938	217.09
134.0	14.17	35.938	216.94
135.0	14.148	35.936	216.75
136.0	14.125	35.931	216.53
136.9	14.107	35.926	216.26
137.9	14.091	35.924	215.96
138.9	14.068	35.923	215.62
139.9	14.036	35.922	215.25
140.9	13.992	35.919	214.87
141.9	13.959	35.91	214.48
142.9	13.951	35.903	214.06
143.9	13.95	35.902	213.63
144.9	13.948	35.902	213.21
145.9	13.945	35.902	212.81
146.9	13.942	35.901	212.43
147.9	13.939	35.901	212.08
148.8	13.935	35.901	211.76
149.8	13.927	35.9	211.47
150.8	13.921	35.899	211.19
151.8	13.916	35.898	210.92
152.8	13.906	35.898	210.65
153.8	13.892	35.898	210.4
154.8	13.881	35.896	210.13
155.8	13.874	35.894	209.85
156.8	13.868	35.893	209.53
157.8	13.855	35.894	209.19
158.8	13.837	35.892	208.82
159.8	13.812	35.89	208.44
160.8	13.787	35.889	208.03
161.7	13.765	35.885	207.62
162.7	13.75	35.882	207.2
163.7	13.74	35.879	206.79
164.7	13.73	35.878	206.39
165.7	13.714	35.877	206.01
166.7	13.691	35.874	205.66
167.7	13.673	35.871	205.36
168.7	13.663	35.868	205.09
169.7	13.654	35.866	204.86
170.7	13.647	35.865	204.68
171.7	13.636	35.864	204.52
172.7	13.623	35.862	204.4
173.6	13.615	35.86	204.3
174.6	13.607	35.859	204.24
175.6	13.592	35.859	204.19
176.6	13.57	35.857	204.16
177.6	13.548	35.853	204.13
178.6	13.528	35.849	204.1
179.6	13.508	35.846	204.06
180.6	13.492	35.843	204.02
181.6	13.48	35.84	203.97
182.6	13.471	35.839	203.92
183.6	13.462	35.838	203.88
184.6	13.457	35.836	203.83
185.5	13.453	35.835	203.76
186.5	13.448	35.835	203.69
187.5	13.443	35.834	203.62
188.5	13.438	35.833	203.54
189.5	13.431	35.833	203.47
190.5	13.423	35.832	203.39
191.5	13.408	35.832	203.3
192.5	13.375	35.83	203.2
193.5	13.333	35.825	203.08
194.5	13.295	35.818	202.96
195.5	13.261	35.812	202.83
196.5	13.238	35.807	202.7
197.5	13.225	35.805	202.56
198.4	13.21	35.803	202.42
199.4	13.2	35.8	202.26
200.4	13.196	35.798	202.09
201.4	13.193	35.798	201.91
202.4	13.187	35.798	201.72
203.4	13.173	35.798	201.53
204.4	13.159	35.796	201.34
205.4	13.149	35.794	201.14
206.4	13.142	35.792	200.94
207.4	13.137	35.791	200.74
208.4	13.133	35.79	200.55
209.4	13.129	35.79	200.36
210.3	13.122	35.79	200.17
211.3	13.114	35.789	200.01
212.3	13.105	35.788	199.87
213.3	13.095	35.787	199.76
214.3	13.088	35.785	199.69
215.3	13.08	35.785	199.64
216.3	13.064	35.784	199.61
217.3	13.045	35.782	199.58
218.3	13.03	35.78	199.55
219.3	13.02	35.777	199.54
220.3	13.015	35.776	199.54
221.3	13.008	35.775	199.56
222.2	12.999	35.775	199.59
223.2	12.99	35.773	199.6
224.2	12.984	35.771	199.61
225.2	12.979	35.771	199.6
226.2	12.971	35.77	199.59
227.2	12.962	35.77	199.57
228.2	12.953	35.769	199.55
229.2	12.943	35.767	199.54
230.2	12.935	35.766	199.52
231.2	12.929	35.764	199.5
232.2	12.918	35.765	199.48
233.2	12.895	35.765	199.46
234.1	12.873	35.761	199.46
235.1	12.863	35.757	199.46
236.1	12.86	35.755	199.46
237.1	12.857	35.755	199.46
238.1	12.854	35.754	199.45
239.1	12.853	35.754	199.45
240.1	12.852	35.753	199.47
241.1	12.851	35.754	199.5
242.1	12.849	35.754	199.55
243.1	12.847	35.754	199.6
244.1	12.844	35.754	199.63
245.0	12.834	35.754	199.65
246.0	12.812	35.755	199.66
247.0	12.791	35.752	199.68
248.0	12.772	35.75	199.72
249.0	12.749	35.748	199.79
250.0	12.722	35.744	199.87
251.0	12.7	35.739	199.94
252.0	12.69	35.736	199.97
253.0	12.685	35.734	199.98
254.0	12.683	35.733	199.98
255.0	12.681	35.733	199.98
256.0	12.68	35.733	199.99
256.9	12.678	35.733	200.02
257.9	12.676	35.733	200.03
258.9	12.673	35.733	200.02
259.9	12.671	35.732	199.97
260.9	12.67	35.732	199.88
261.9	12.669	35.732	199.8
262.9	12.668	35.732	199.73
263.9	12.667	35.732	199.7
264.9	12.666	35.732	199.68
265.9	12.664	35.732	199.68
266.9	12.662	35.731	199.66
267.9	12.661	35.731	199.62
268.8	12.661	35.731	199.58
269.8	12.66	35.731	199.54
270.8	12.657	35.731	199.53
271.8	12.655	35.731	199.55
272.8	12.654	35.73	199.57
273.8	12.652	35.73	199.59
274.8	12.651	35.73	199.59
275.8	12.65	35.729	199.57
276.8	12.65	35.729	199.54
277.8	12.649	35.73	199.52
278.8	12.646	35.729	199.52
279.7	12.642	35.73	199.53
280.7	12.635	35.729	199.56
281.7	12.626	35.729	199.59
282.7	12.619	35.727	199.61
283.7	12.615	35.726	199.62
284.7	12.613	35.725	199.62
285.7	12.61	35.725	199.61
286.7	12.607	35.725	199.59
287.7	12.599	35.726	199.56
288.7	12.582	35.726	199.52
289.7	12.557	35.725	199.46
290.7	12.536	35.721	199.37
291.6	12.52	35.718	199.26
292.6	12.504	35.716	199.13
293.6	12.488	35.715	198.99
294.6	12.471	35.713	198.83
295.6	12.457	35.71	198.67
296.6	12.451	35.708	198.52
297.6	12.447	35.708	198.4
298.6	12.439	35.707	198.3
299.6	12.429	35.707	198.23
300.6	12.418	35.706	198.16
301.6	12.405	35.706	198.09
302.5	12.384	35.707	198.02
303.5	12.355	35.706	197.95
304.5	12.332	35.7	197.9
305.5	12.327	35.696	197.87
306.5	12.32	35.695	197.85
307.5	12.308	35.695	197.84
308.5	12.286	35.695	197.81
309.5	12.257	35.691	197.76
310.5	12.237	35.686	197.7
311.5	12.231	35.683	197.65
312.5	12.227	35.683	197.62
313.5	12.221	35.682	197.61
314.4	12.212	35.682	197.61
315.4	12.2	35.682	197.62
316.4	12.19	35.68	197.63
317.4	12.185	35.678	197.64
318.4	12.18	35.678	197.65
319.4	12.171	35.678	197.65
320.4	12.159	35.677	197.64
321.4	12.152	35.675	197.62
322.4	12.149	35.674	197.61
323.4	12.147	35.673	197.6
324.4	12.145	35.673	197.59
325.3	12.139	35.674	197.58
326.3	12.129	35.673	197.56
327.3	12.12	35.671	197.52
328.3	12.114	35.669	197.47
329.3	12.109	35.669	197.43
330.3	12.103	35.668	197.42
331.3	12.098	35.667	197.42
332.3	12.086	35.668	197.42
333.3	12.062	35.668	197.41
334.3	12.038	35.665	197.37
335.3	12.022	35.662	197.32
336.2	12.013	35.659	197.26
337.2	12.006	35.658	197.2
338.2	12.0	35.657	197.13
339.2	11.995	35.657	197.06
340.2	11.986	35.657	196.98
341.2	11.976	35.656	196.88
342.2	11.971	35.655	196.77
343.2	11.97	35.654	196.67
344.2	11.969	35.653	196.58
345.2	11.968	35.654	196.5
346.2	11.966	35.654	196.41
347.1	11.959	35.655	196.32
348.1	11.948	35.655	196.22
349.1	11.94	35.654	196.11
350.1	11.932	35.653	196.01
351.1	11.927	35.651	195.89
352.1	11.935	35.652	195.76
353.1	11.952	35.656	195.63
354.1	11.968	35.663	195.48
355.1	11.981	35.669	195.32
356.1	11.995	35.672	195.14
357.1	12.011	35.674	194.96
358.0	12.026	35.679	194.81
359.0	12.042	35.686	194.69
360.0	12.082	35.697	194.58
361.0	12.133	35.711	194.49
362.0	12.163	35.721	194.41
363.0	12.17	35.731	194.33
364.0	12.139	35.74	194.26
365.0	12.078	35.735	194.21
366.0	12.034	35.72	194.19
367.0	12.015	35.71	194.2
368.0	11.993	35.705	194.2
368.9	11.967	35.7	194.17
369.9	11.94	35.695	194.12
370.9	11.919	35.688	194.04
371.9	11.908	35.683	193.95
372.9	11.899	35.681	193.88
373.9	11.889	35.68	193.83
374.9	11.88	35.677	193.78
375.9	11.874	35.674	193.72
376.9	11.87	35.673	193.63
377.9	11.866	35.672	193.52
378.9	11.859	35.672	193.42
379.8	11.839	35.672	193.33
380.8	11.818	35.666	193.28
381.8	11.811	35.661	193.24
382.8	11.806	35.658	193.21
383.8	11.803	35.658	193.16
384.8	11.803	35.656	193.08
385.8	11.824	35.655	192.98
386.8	11.874	35.661	192.88
387.8	11.927	35.677	192.78
388.8	11.97	35.692	192.7
389.8	12.044	35.709	192.64
390.7	12.138	35.738	192.59
391.7	12.22	35.769	192.55
392.7	12.298	35.796	192.5
393.7	12.353	35.817	192.47
394.7	12.39	35.828	192.45
395.7	12.429	35.833	192.49
396.7	12.464	35.843	192.57
397.7	12.501	35.854	192.71
398.7	12.57	35.871	192.87
399.7	12.647	35.898	193.03
400.7	12.68	35.916	193.19
401.6	12.693	35.921	193.33
402.6	12.702	35.925	193.46
403.6	12.696	35.931	193.61
404.6	12.665	35.933	193.78
405.6	12.621	35.926	193.96
406.6	12.584	35.915	194.12
407.6	12.553	35.906	194.24
408.6	12.527	35.899	194.34
409.6	12.512	35.894	194.41
410.6	12.505	35.891	194.48
411.6	12.503	35.89	194.55
412.5	12.5	35.889	194.64
413.5	12.498	35.889	194.74
414.5	12.496	35.889	194.83
415.5	12.503	35.891	194.89
416.5	12.52	35.896	194.93
417.5	12.536	35.903	194.96
418.5	12.553	35.91	194.98
419.5	12.572	35.915	195.01
420.5	12.586	35.92	195.03
421.5	12.592	35.924	195.06
422.5	12.594	35.927	195.09
423.4	12.6	35.928	195.11
424.4	12.616	35.929	195.12
425.4	12.634	35.934	195.11
426.4	12.66	35.941	195.1
427.4	12.709	35.952	195.1
428.4	12.754	35.967	195.13
429.4	12.777	35.979	195.17
430.4	12.787	35.986	195.23
431.4	12.799	35.991	195.29
432.4	12.816	35.994	195.34
433.3	12.832	35.999	195.38
434.3	12.851	36.004	195.42
435.3	12.866	36.009	195.47
436.3	12.873	36.013	195.54
437.3	12.88	36.017	195.64
438.3	12.891	36.021	195.73
439.3	12.91	36.026	195.81
440.3	12.929	36.034	195.87
441.3	12.938	36.042	195.93
442.3	12.937	36.044	195.99
443.3	12.931	36.045	196.05
444.2	12.921	36.046	196.11
445.2	12.911	36.045	196.18
446.2	12.907	36.044	196.25
447.2	12.901	36.043	196.3
448.2	12.886	36.043	196.33
449.2	12.867	36.04	196.35
450.2	12.85	36.037	196.36
451.2	12.838	36.036	196.36
452.2	12.843	36.042	196.34
453.2	12.849	36.059	196.31
454.2	12.82	36.072	196.28
455.1	12.764	36.07	196.23
456.1	12.715	36.06	196.16
457.1	12.672	36.052	196.07
458.1	12.623	36.043	195.95
459.1	12.592	36.031	195.84
460.1	12.59	36.025	195.73
461.1	12.596	36.026	195.64
462.1	12.592	36.029	195.56
463.1	12.58	36.03	195.47
464.1	12.557	36.03	195.38
465.0	12.527	36.027	195.29
466.0	12.507	36.02	195.21
467.0	12.493	36.016	195.15
468.0	12.478	36.013	195.1
469.0	12.455	36.01	195.04
470.0	12.404	36.005	194.97
471.0	12.351	35.994	194.88
472.0	12.332	35.986	194.78
473.0	12.324	35.984	194.68
474.0	12.311	35.983	194.6
475.0	12.299	35.98	194.51
475.9	12.287	35.977	194.41
476.9	12.279	35.975	194.28
477.9	12.271	35.974	194.15
478.9	12.264	35.972	194.03
479.9	12.26	35.971	193.9
480.9	12.255	35.97	193.77
481.9	12.248	35.969	193.63
482.9	12.235	35.968	193.47
483.9	12.197	35.972	193.3
484.9	12.131	35.97	193.13
485.8	12.103	35.956	192.98
486.8	12.134	35.96	192.84
487.8	12.174	35.978	192.72
488.8	12.229	35.998	192.59
489.8	12.337	36.042	192.47
490.8	12.408	36.086	192.38
491.8	12.416	36.104	192.35
492.8	12.416	36.109	192.37
493.8	12.417	36.11	192.41
494.8	12.419	36.112	192.45
495.7	12.426	36.114	192.49
496.7	12.435	36.12	192.53
497.7	12.437	36.125	192.57
498.7	12.436	36.125	192.62
499.7	12.439	36.126	192.69
500.7	12.446	36.131	192.75
501.7	12.45	36.136	192.8
502.7	12.453	36.137	192.83
503.7	12.462	36.141	192.83
504.7	12.471	36.148	192.84
505.7	12.489	36.157	192.87
506.6	12.507	36.167	192.91
507.6	12.515	36.173	192.96
508.6	12.515	36.175	193.0
509.6	12.514	36.175	193.04
510.6	12.514	36.173	193.09
511.6	12.518	36.174	193.14
512.6	12.522	36.176	193.19
513.6	12.527	36.176	193.24
514.6	12.539	36.178	193.29
515.6	12.55	36.18	193.33
516.5	12.562	36.185	193.37
517.5	12.58	36.192	193.4
518.5	12.595	36.199	193.42
519.5	12.605	36.203	193.45
520.5	12.604	36.203	193.47
521.5	12.614	36.205	193.5
522.5	12.639	36.214	193.54
523.5	12.645	36.221	193.58
524.5	12.638	36.222	193.63
525.5	12.638	36.22	193.67
526.4	12.672	36.228	193.7
527.4	12.722	36.247	193.74
528.4	12.742	36.262	193.79
529.4	12.746	36.269	193.83
530.4	12.751	36.272	193.86
531.4	12.758	36.275	193.87
532.4	12.767	36.28	193.86
533.4	12.773	36.286	193.84
534.4	12.776	36.29	193.81
535.4	12.777	36.293	193.79
536.3	12.779	36.298	193.79
537.3	12.782	36.302	193.79
538.3	12.783	36.305	193.79
539.3	12.783	36.305	193.78
540.3	12.783	36.305	193.78
541.3	12.784	36.305	193.79
542.3	12.785	36.306	193.83
543.3	12.786	36.307	193.89
544.3	12.786	36.308	193.94
545.3	12.786	36.307	193.99
546.2	12.787	36.307	194.04
547.2	12.789	36.308	194.09
548.2	12.793	36.31	194.12
549.2	12.801	36.317	194.15
550.2	12.81	36.326	194.18
551.2	12.815	36.331	194.2
552.2	12.818	36.332	194.22
553.2	12.819	36.334	194.24
554.2	12.82	36.336	194.27
555.2	12.818	36.339	194.28
556.1	12.811	36.34	194.28
557.1	12.799	36.339	194.26
558.1	12.785	36.338	194.23
559.1	12.764	36.336	194.2
560.1	12.743	36.332	194.17
561.1	12.727	36.326	194.15
562.1	12.714	36.322	194.11
563.1	12.703	36.319	194.03
564.1	12.685	36.317	193.91
565.1	12.651	36.312	193.75
566.0	12.626	36.305	193.59
567.0	12.623	36.298	193.45
568.0	12.627	36.297	193.33
569.0	12.629	36.299	193.23
570.0	12.63	36.3	193.11
571.0	12.632	36.3	192.98
572.0	12.635	36.301	192.84
573.0	12.65	36.301	192.71
574.0	12.673	36.307	192.61
575.0	12.691	36.32	192.56
575.9	12.695	36.327	192.55
576.9	12.694	36.328	192.55
577.9	12.694	36.328	192.53
578.9	12.694	36.328	192.49
579.9	12.695	36.328	192.44
580.9	12.694	36.328	192.39
581.9	12.694	36.328	192.36
582.9	12.695	36.328	192.34
583.9	12.696	36.328	192.34
584.9	12.697	36.329	192.33
585.8	12.7	36.329	192.31
586.8	12.706	36.331	192.28
587.8	12.713	36.333	192.28
588.8	12.715	36.334	192.31
589.8	12.718	36.335	192.37
590.8	12.724	36.336	192.47
591.8	12.731	36.338	192.59
592.8	12.736	36.34	192.72
593.8	12.738	36.342	192.85
594.8	12.739	36.342	193.0
595.7	12.74	36.342	193.16
596.7	12.74	36.342	193.33
597.7	12.74	36.342	193.5
598.7	12.742	36.343	193.65
599.7	12.743	36.343	193.79
600.7	12.745	36.343	193.91
601.7	12.75	36.343	194.03
602.7	12.754	36.344	194.14
603.7	12.759	36.345	194.26
604.7	12.763	36.348	194.38
605.6	12.763	36.349	194.5
606.6	12.762	36.349	194.61
607.6	12.762	36.349	194.73
608.6	12.757	36.35	194.85
609.6	12.747	36.349	194.99
610.6	12.733	36.346	195.14
611.6	12.718	36.341	195.29
612.6	12.704	36.337	195.44
613.6	12.692	36.333	195.58
614.5	12.682	36.33	195.72
615.5	12.674	36.328	195.85
616.5	12.663	36.326	195.98
617.5	12.654	36.323	196.11
618.5	12.651	36.32	196.22
619.5	12.652	36.319	196.31
620.5	12.657	36.32	196.39
621.5	12.659	36.322	196.44
622.5	12.658	36.323	196.48
623.5	12.656	36.322	196.51
624.4	12.658	36.321	196.53
625.4	12.659	36.322	196.54
626.4	12.662	36.322	196.55
627.4	12.664	36.323	196.56
628.4	12.665	36.325	196.55
629.4	12.667	36.325	196.54
630.4	12.675	36.326	196.53
631.4	12.688	36.328	196.53
632.4	12.698	36.332	196.54
633.4	12.705	36.335	196.56
634.3	12.708	36.337	196.58
635.3	12.709	36.339	196.59
636.3	12.709	36.339	196.59
637.3	12.707	36.338	196.58
638.3	12.705	36.338	196.53
639.3	12.702	36.338	196.45
640.3	12.693	36.337	196.35
641.3	12.679	36.335	196.21
642.3	12.651	36.332	196.05
643.3	12.631	36.327	195.86
644.2	12.628	36.323	195.66
645.2	12.631	36.324	195.46
646.2	12.638	36.325	195.27
647.2	12.659	36.327	195.09
648.2	12.681	36.335	194.94
649.2	12.718	36.34	194.86
650.2	12.794	36.356	194.87
651.2	12.853	36.382	194.94
652.2	12.885	36.398	195.07
653.1	12.895	36.407	195.24
654.1	12.88	36.409	195.45
655.1	12.872	36.403	195.69
656.1	12.872	36.402	195.94
657.1	12.846	36.404	196.18
658.1	12.81	36.399	196.4
659.1	12.793	36.388	196.55
660.1	12.783	36.382	196.63
661.1	12.772	36.379	196.63
662.1	12.764	36.379	196.57
663.0	12.755	36.378	196.45
664.0	12.742	36.376	196.27
665.0	12.73	36.371	196.06
666.0	12.717	36.368	195.82
667.0	12.698	36.366	195.56
668.0	12.676	36.357	195.3
669.0	12.695	36.355	195.07
670.0	12.734	36.367	194.89
671.0	12.757	36.385	194.76
671.9	12.783	36.394	194.66
672.9	12.848	36.404	194.59
673.9	12.915	36.421	194.56
674.9	12.952	36.442	194.58
675.9	12.965	36.45	194.63
676.9	12.971	36.453	194.69
677.9	12.982	36.456	194.77
678.9	12.983	36.458	194.87
679.9			
680.9			
681.8			
682.8			
683.8			
684.8			
685.8			
686.8			
687.8			
688.8			
689.8			
690.7			
691.7			
692.7			
693.7			
694.7			
695.7			
696.7			
697.7			
698.7			
699.6			
700.6			
701.6			
702.6			
703.6			
704.6			
705.6			
706.6			
707.6			
708.6			
709.5			
710.5			
711.5			
712.5			
713.5			
714.5			
715.5			
716.5			
717.5			
718.4			
719.4			
720.4			
721.4			
722.4			
723.4			
724.4			
725.4			
726.4			
727.3			
728.3			
729.3			
730.3			
731.3			
732.3			
733.3			
734.3			
735.3			
736.3			
737.2			
738.2			
739.2			
740.2			
741.2			
742.2			
743.2			
744.2			
745.2			
746.1			
747.1			
748.1			
749.1			
750.1			
751.1			
752.1			
753.1			
754.1			
755.0			
756.0			
757.0			
758.0			
759.0			
760.0			
761.0			
762.0			
763.0			
763.9			
764.9			
765.9			
766.9			
767.9			
768.9			
769.9			
770.9			
771.9			
772.8			
773.8			
774.8			
775.8			
776.8			
777.8			
778.8			
779.8			
780.8			
781.7			
782.7			
783.7			
784.7			
785.7			
786.7			
787.7			
788.7			
789.7			
790.6			
791.6			
792.6			
793.6			
794.6			
795.6			
796.6			
797.6			
798.6			
799.5			
800.5			
801.5			
802.5			
803.5			
804.5			
805.5			
806.5			
807.5			
808.4			
809.4			
810.4			
811.4			
812.4			
813.4			
814.4			
815.4			
816.4			
817.3			
818.3			
819.3			
820.3			
821.3			
822.3			
823.3			
824.3			
825.3			
826.2			
827.2			
828.2			
829.2			
830.2			
831.2			
832.2			
833.2			
834.2			
835.1			
836.1			
837.1			
838.1			
839.1			
840.1			
841.1			
842.1			
843.1			
844.0			
845.0			
846.0			
847.0			
848.0			
849.0			
850.0			
851.0			
852.0			
852.9			
853.9			
854.9			
855.9			
856.9			
857.9			
858.9			
859.9			
860.8			
861.8			
862.8			
863.8			
864.8			
865.8			
866.8			
867.8			
868.8			
869.7			
870.7			
871.7			
872.7			
873.7			
874.7			
875.7			
876.7			
877.7			
878.6			
879.6			
880.6			
881.6			
882.6			
883.6			
884.6			
885.6			
886.5			
887.5			
888.5			
889.5			
890.5			
891.5			
892.5			
893.5			
894.5			
895.4			
896.4			
897.4			
898.4			
899.4			
900.4			
901.4			
902.4			
903.4			
904.3			
905.3			
906.3			
907.3			
908.3			
909.3			
910.3			
911.3			
912.2			
913.2			
914.2			
915.2			
916.2			
917.2			
918.2			
919.2			
920.2			
921.1			
922.1			
923.1			
924.1			
925.1			
926.1			
927.1			
928.1			
929.0			
930.0			
931.0			
932.0			
933.0			
934.0			
935.0			
936.0			
937.0			
937.9			
938.9			
939.9			
940.9			
941.9			
942.9			
943.9			
944.9			
945.8			
946.8			
947.8			
948.8			
949.8			
950.8			
951.8			
952.8			
953.8			
954.7			
955.7			
956.7			
957.7			
958.7			
959.7			
960.7			
961.7			
962.6			
963.6			
964.6			
965.6			
966.6			
967.6			
968.6			
969.6			
970.5			
971.5			
972.5			
973.5			
974.5			
975.5			
976.5			
977.5			
978.5			
979.4			
980.4			
981.4			
982.4			
983.4			
984.4			
985.4			
986.4			
987.3			
988.3			
989.3			
990.3			
991.3			
992.3			
993.3			
994.3			
995.2			
996.2			
997.2			
998.2			
999.2			
1000.2			
1001.2			
1002.2			
1003.2			
1004.1			
1005.1			
1006.1			
1007.1			
1008.1			
1009.1			
1010.1			
1011.1			
1012.0			
1013.0			
1014.0			
1015.0			
1016.0			
1017.0			
1018.0			
1019.0			
1019.9			
1020.9			
1021.9			
1022.9			
1023.9			
1024.9			
1025.9			
1026.9			
1027.8			
1028.8			
1029.8			
1030.8			
1031.8			
1032.8			
1033.8			
1034.8			
1035.7			
1036.7			
1037.7			
1038.7			
1039.7			
1040.7			
1041.7			
1042.7			
1043.7			
1044.6			
1045.6			
1046.6			
1047.6			
1048.6			
1049.6			
1050.6			
1051.6			
1052.5			
1053.5			
1054.5			
1055.5			
1056.5			
1057.5			
1058.5			
1059.5			
1060.4			
1061.4			
1062.4			
1063.4			
1064.4			
1065.4			
1066.4			
1067.4			
1068.3			
1069.3			
1070.3			
1071.3			
1072.3			
1073.3			
1074.3			
1075.3			
1076.2			
1077.2			
1078.2			
1079.2			
1080.2			
1081.2			
1082.2			
1083.2			
1084.1			
1085.1			
1086.1			
1087.1			
1088.1			
1089.1			
1090.1			
1091.1			
1092.0			
1093.0			
1094.0			
1095.0			
1096.0			
1097.0			
1098.0			
1099.0			
1099.9			
1100.9			
1101.9			
1102.9			
1103.9			
1104.9			
1105.9			
1106.9			
1107.8			
1108.8			
1109.8			
1110.8			
1111.8			
1112.8			
1113.8			
1114.8			
1115.7			
1116.7			
1117.7			
1118.7			
1119.7			
1120.7			
1121.7			
1122.7			
1123.6			
1124.6			
1125.6			
1126.6			
1127.6			
1128.6			
1129.6			
1130.5			
1131.5			
1132.5			
1133.5			
1134.5			
1135.5			
1136.5			
1137.5			
1138.4			
1139.4			
1140.4			
1141.4			
1142.4			
1143.4			
1144.4			
1145.4			
1146.3			
1147.3			
1148.3			
1149.3			
1150.3			
1151.3			
1152.3			
1153.3			
1154.2			
1155.2			
1156.2			
1157.2			
1158.2			
1159.2			
1160.2			
1161.2			
1162.1			
1163.1			
1164.1			
1165.1			
1166.1			
1167.1			
1168.1			
1169.1			
1170.0			
1171.0			
1172.0			
1173.0			
1174.0			
1175.0			
1176.0			
1176.9			
1177.9			
1178.9			
1179.9			
1180.9			
1181.9			
1182.9			
1183.9			
1184.8			
1185.8			
1186.8			
1187.8			
1188.8			
1189.8			
1190.8			
1191.8			
1192.7			
1193.7			
1194.7			
1195.7			
1196.7			
1197.7			
1198.7			
1199.6			
1200.6			
1201.6			
1202.6			
1203.6			
1204.6			
1205.6			
1206.6			
1207.5			
1208.5			
1209.5			
1210.5			
1211.5			
1212.5			
1213.5			
1214.5			
1215.4			
1216.4			
1217.4			
1218.4			
1219.4			
1220.4			
1221.4			
1222.3			
1223.3			
1224.3			
1225.3			
1226.3			
1227.3			
1228.3			
1229.3			
1230.2			
1231.2			
1232.2			
1233.2			
1234.2			
1235.2			
1236.2			
1237.1			
1238.1			
1239.1			
1240.1			
1241.1			
1242.1			
1243.1			
1244.1			
1245.0			
1246.0			
1247.0			
1248.0			
1249.0			
1250.0			
1251.0			
1252.0			
1252.9			
1253.9			
1254.9			
1255.9			
1256.9			
1257.9			
1258.9			
1259.8			
1260.8			
1261.8			
1262.8			
1263.8			
1264.8			
1265.8			
1266.8			
1267.7			
1268.7			
1269.7			
1270.7			
1271.7			
1272.7			
1273.7			
1274.6			
1275.6			
1276.6			
1277.6			
1278.6			
1279.6			
1280.6			
1281.5			
1282.5			
1283.5			
1284.5			
1285.5			
1286.5			
1287.5			
1288.5			
1289.4			
1290.4			
1291.4			
1292.4			
1293.4			
1294.4			
1295.4			
1296.3			
1297.3			
1298.3			
1299.3			
1300.3			
1301.3			
1302.3			
1303.3			
1304.2			
1305.2			
1306.2			
1307.2			
1308.2			
1309.2			
1310.2			
1311.1			
1312.1			
1313.1			
1314.1			
1315.1			
1316.1			
1317.1			
1318.1			
1319.0			
1320.0			
1321.0			
1322.0			
1323.0			
1324.0			
1325.0			
1325.9			
1326.9			
1327.9			
1328.9			
1329.9			
1330.9			
1331.9			
1332.8			
1333.8			
1334.8			
1335.8			
1336.8			
1337.8			
1338.8			
1339.7			
1340.7			
1341.7			
1342.7			
1343.7			
1344.7			
1345.7			
1346.7			
1347.6			
1348.6			
1349.6			
1350.6			
1351.6			
1352.6			
1353.6			
1354.5			
1355.5			
1356.5			
1357.5			
1358.5			
1359.5			
1360.5			
1361.4			
1362.4			
1363.4			
1364.4			
1365.4			
1366.4			
1367.4			
1368.4			
1369.3			
1370.3			
1371.3			
1372.3			
1373.3			
1374.3			
1375.3			
1376.2			
1377.2			
1378.2			
1379.2			
1380.2			
1381.2			
1382.2			
1383.1			
1384.1			
1385.1			
1386.1			
1387.1			
1388.1			
1389.1			
1390.0			
1391.0			
1392.0			
1393.0			
1394.0			
1395.0			
1396.0			
1396.9			
1397.9			
1398.9			
1399.9			
1400.9			
1401.9			
1402.9			
1403.8			
1404.8			
1405.8			
1406.8			
1407.8			
1408.8			
1409.8			
1410.8			
1411.7			
1412.7			
1413.7			
1414.7			
1415.7			
1416.7			
1417.7			
1418.6			
1419.6			
1420.6			
1421.6			
1422.6			
1423.6			
1424.6			
1425.5			
1426.5			
1427.5			
1428.5			
1429.5			
1430.5			
1431.5			
1432.4			
1433.4			
1434.4			
1435.4			
1436.4			
1437.4			
1438.4			
1439.3			
1440.3			
1441.3			
1442.3			
1443.3			
1444.3			
1445.3			
1446.2			
1447.2			
1448.2			
1449.2			
1450.2			
1451.2			
1452.2			
1453.1			
1454.1			
1455.1			
1456.1			
1457.1			
1458.1			
1459.1			
1460.0			
1461.0			
1462.0			
1463.0			
1464.0			
1465.0			
1466.0			
1466.9			
1467.9			
1468.9			
1469.9			
1470.9			
1471.9			
1472.9			
1473.8			
1474.8			
1475.8			
1476.8			
1477.8			
1478.8			
1479.8			
1480.7			
1481.7			
1482.7			
1483.7			
1484.7			
1485.7			
1486.7			
1487.6			
1488.6			
1489.6			
1490.6			
1491.6			
1492.6			
1493.6			
1494.5			
1495.5			
1496.5			
1497.5			
1498.5			
1499.5			
1500.5			
1501.4			
1502.4			
1503.4			
1504.4			
1505.4			
1506.4			
1507.4			
1508.3			
1509.3			
1510.3			
1511.3			
1512.3			
1513.3			
1514.3			
1515.2			
1516.2			
1517.2			
1518.2			
1519.2			
1520.2			
1521.2			
1522.1			
1523.1			
1524.1			
1525.1			
1526.1			
1527.1			
1528.0			
1529.0			
1530.0			
1531.0			
1532.0			
1533.0			
1534.0			
1534.9			
1535.9			
1536.9			
1537.9			
1538.9			
1539.9			
1540.9			
1541.8			
1542.8			
1543.8			
1544.8			
1545.8			
1546.8			
1547.8			
1548.7			
1549.7			
1550.7			
1551.7			
1552.7			
1553.7			
1554.7			
1555.6			
1556.6			
1557.6			
1558.6			
1559.6			
1560.6			
1561.6			
1562.5			
1563.5			
1564.5			
1565.5			
1566.5			
1567.5			
1568.4			
1569.4			
1570.4			
1571.4			
1572.4			
1573.4			
1574.4			
1575.3			
1576.3			
1577.3			
1578.3			
1579.3			
1580.3			
1581.3			
1582.2			
1583.2			
1584.2			
1585.2			
1586.2			
1587.2			
1588.2			
1589.1			
1590.1			
1591.1			
1592.1			
1593.1			
1594.1			
1595.0			
1596.0			
1597.0			
1598.0			
1599.0			
1600.0			
1601.0			
1601.9			
1602.9			
1603.9			
1604.9			
1605.9			
1606.9			
1607.9			
1608.8			
1609.8			
1610.8			
1611.8			
1612.8			
1613.8			
1614.7			
1615.7			
1616.7			
1617.7			
1618.7			
1619.7			
1620.7			
1621.6			
1622.6			
1623.6			
1624.6			
1625.6			
1626.6			
1627.6			
1628.5			
1629.5			
1630.5			
1631.5			
1632.5			
1633.5			
1634.4			
1635.4			
1636.4			
1637.4			
1638.4			
1639.4			
1640.4			
1641.3			
1642.3			
1643.3			
1644.3			
1645.3			
1646.3			
1647.3			
1648.2			
1649.2			
1650.2			
1651.2			
1652.2			
1653.2			
1654.1			
1655.1			
1656.1			
1657.1			
1658.1			
1659.1			
1660.1			
1661.0			
1662.0			
1663.0			
1664.0			
1665.0			
1666.0			
1666.9			
1667.9			
1668.9			
1669.9			
1670.9			
1671.9			
1672.9			
1673.8			
1674.8			
1675.8			
1676.8			
1677.8			
1678.8			
1679.7			
1680.7			
1681.7			
1682.7			
1683.7			
1684.7			
1685.7			
1686.6			
1687.6			
1688.6			
1689.6			
1690.6			
1691.6			
1692.5			
1693.5			
1694.5			
1695.5			
1696.5			
1697.5			
1698.5			
1699.4			
1700.4			
1701.4			
1702.4			
1703.4			
1704.4			
1705.3			
1706.3			
1707.3			
1708.3			
1709.3			
1710.3			
1711.3			
1712.2			
1713.2			
1714.2			
1715.2			
1716.2			
1717.2			
1718.1			
1719.1			
1720.1			
1721.1			
1722.1			
1723.1			
1724.1			
1725.0			
1726.0			
1727.0			
1728.0			
1729.0			
1730.0			
1730.9			
1731.9			
1732.9			
1733.9			
1734.9			
1735.9			
1736.9			
1737.8			
1738.8			
1739.8			
1740.8			
1741.8			
1742.8			
1743.7			
1744.7			
1745.7			
1746.7			
1747.7			
1748.7			
1749.7			
1750.6			
1751.6			
1752.6			
1753.6			
1754.6			
1755.6			
1756.5			
1757.5			
1758.5			
1759.5			
1760.5			
1761.5			
1762.4			
1763.4			
1764.4			
1765.4			
1766.4			
1767.4			
1768.4			
1769.3			
1770.3			
1771.3			
1772.3			
1773.3			
1774.3			
1775.2			
1776.2			
1777.2			
1778.2			
1779.2			
1780.2			
1781.1			
1782.1			
1783.1			
1784.1			
1785.1			
1786.1			
1787.1			
1788.0			
1789.0			
1790.0			
1791.0			
1792.0			
1793.0			
1793.9			
1794.9			
1795.9			
1796.9			
1797.9			
1798.9			
1799.8			
1800.8			
1801.8			
1802.8			
1803.8			
1804.8			
1805.8			
1806.7			
1807.7			
1808.7			
1809.7			
1810.7			
1811.7			
1812.6			
1813.6			
1814.6			
1815.6			
1816.6			
1817.6			
1818.5			
1819.5			
1820.5			
1821.5			
1822.5			
1823.5			
1824.5			
1825.4			
1826.4			
1827.4			
1828.4			
1829.4			
1830.4			
1831.3			
1832.3			
1833.3			
1834.3			
1835.3			
1836.3			
1837.2			
1838.2			
1839.2			
1840.2			
1841.2			
1842.2			
1843.1			
1844.1			
1845.1			
1846.1			
1847.1			
1848.1			
1849.1			
1850.0			
1851.0			
1852.0			
1853.0			
1854.0			
1855.0			
1855.9			
1856.9			
1857.9			
1858.9			
1859.9			
1860.9			
1861.8			
1862.8			
1863.8			
1864.8			
1865.8			
1866.8			
1867.7			
1868.7			
1869.7			
1870.7			
1871.7			
1872.7			
1873.6			
1874.6			
1875.6			
1876.6			
1877.6			
1878.6			
1879.6			
1880.5			
1881.5			
1882.5			
1883.5			
1884.5			
1885.5			
1886.4			
1887.4			
1888.4			
1889.4			
1890.4			
1891.4			
1892.3			
1893.3			
1894.3			
1895.3			
1896.3			
1897.3			
1898.2			
1899.2			
1900.2			
1901.2			
1902.2			
1903.2			
1904.1			
1905.1			
1906.1			
1907.1			
1908.1			
1909.1			
1910.0			
1911.0			
1912.0			
1913.0			
1914.0			
1915.0			
1915.9			
1916.9			
1917.9			
1918.9			
1919.9			
1920.9			
1921.8			
1922.8			
1923.8			
1924.8			
1925.8			
1926.8			
1927.8			
1928.7			
1929.7			
1930.7			
1931.7			
1932.7			
1933.7			
1934.6			
1935.6			
1936.6			
1937.6			
1938.6			
1939.6			
1940.5			
1941.5			
1942.5			
1943.5			
1944.5			
1945.5			
1946.4			
1947.4			
1948.4			
1949.4			
1950.4			
1951.4			
1952.3			
1953.3			
1954.3			
1955.3			
1956.3			
1957.3			
1958.2			
1959.2			
1960.2			
1961.2			
1962.2			
1963.2			
1964.1			
1965.1			
1966.1			
1967.1			
1968.1			
1969.1			
1970.0			
1971.0			
1972.0			
1973.0			
1974.0			
1975.0			
1975.9			
1976.9			
1977.9			
1978.9			
1979.9			
1980.9			
1981.8			
1982.8			
1983.8			
1984.8			
1985.8			
1986.8			
1987.7			
1988.7			
1989.7			
1990.7			
1991.7			
1992.7			
1993.6			
1994.6			
1995.6			
1996.6			
1997.6			
1998.6			
1999.5			
2000.5			
2001.5			
2002.5			
2003.5			
2004.5			
2005.4			
2006.4			
2007.4			
2008.4			
2009.4			
2010.4			
2011.3			
2012.3			
2013.3			
2014.3			
2015.3			
2016.3			
2017.2			
2018.2			
2019.2			
2020.2			
2021.2			
2022.2			
2023.1			
2024.1			
2025.1			
2026.1			
2027.1			
2028.0			
2029.0			
2030.0			
2031.0			
2032.0			
2033.0			
2033.9			
2034.9			
2035.9			
2036.9			
2037.9			
2038.9			
2039.8			
2040.8			
2041.8			
2042.8			
2043.8			
2044.8			
2045.7			
2046.7			
2047.7			
2048.7			
2049.7			
2050.7			
2051.6			
2052.6			
2053.6			
2054.6			
2055.6			
2056.6			
2057.5			
2058.5			
2059.5			
2060.5			
2061.5			
2062.5			
2063.4			
2064.4			
2065.4			
2066.4			
2067.4			
2068.4			
2069.3			
2070.3			
2071.3			
2072.3			
2073.3			
2074.3			
2075.2			
2076.2			
2077.2			
2078.2			
2079.2			
2080.1			
2081.1			
2082.1			
2083.1			
2084.1			
2085.1			
2086.0			
2087.0			
2088.0			
2089.0			
2090.0			
2091.0			
2091.9			
2092.9			
2093.9			
2094.9			
2095.9			
2096.9			
2097.8			
2098.8			
2099.8			
2100.8			
2101.8			
2102.8			
2103.7			
2104.7			
2105.7			
2106.7			
2107.7			
2108.6			
2109.6			
2110.6			
2111.6			
2112.6			
2113.6			
2114.5			
2115.5			
2116.5			
2117.5			
2118.5			
2119.5			
2120.4			
2121.4			
2122.4			
2123.4			
2124.4			
2125.4			
2126.3			
2127.3			
2128.3			
2129.3			
2130.3			
2131.2			
2132.2			
2133.2			
2134.2			
2135.2			
2136.2			
2137.1			
2138.1			
2139.1			
2140.1			
2141.1			
2142.1			
2143.0			
2144.0			
2145.0			
2146.0			
2147.0			
