Depth [m]	Temperature [degC]	Salinity [PSU]	Oxygen [umol/kg]
1.0	21.693	36.599	218.36
2.0	21.693	36.599	218.0
3.0	21.693	36.599	217.71
4.0	21.693	36.599	217.53
5.0	21.695	36.597	217.47
6.0	21.693	36.597	217.52
6.9	21.691	36.597	217.72
7.9	21.687	36.597	218.06
8.9	21.68	36.599	218.56
9.9	21.655	36.601	219.25
10.9	21.619	36.602	220.15
11.9	21.589	36.6	221.19
12.9	21.559	36.6	222.27
13.9	21.516	36.602	223.32
14.9	21.465	36.602	224.33
15.9	21.405	36.602	225.32
16.9	21.328	36.604	226.28
17.9	21.26	36.599	227.16
18.9	21.21	36.594	227.95
19.9	21.131	36.599	228.62
20.8	21.0	36.605	229.16
21.8	20.854	36.597	229.56
22.8	20.731	36.585	229.86
23.8	20.648	36.576	230.12
24.8	20.602	36.569	230.4
25.8	20.584	36.563	230.69
26.8	20.563	36.562	230.96
27.8	20.543	36.56	231.2
28.8	20.524	36.557	231.43
29.8	20.514	36.555	231.71
30.8	20.509	36.553	232.1
31.8	20.506	36.552	232.59
32.8	20.504	36.552	233.19
33.7	20.502	36.552	233.88
34.7	20.498	36.552	234.67
35.7	20.467	36.557	235.56
36.7	20.374	36.566	236.56
37.7	20.181	36.572	237.69
38.7	19.885	36.577	238.97
39.7	19.408	36.566	240.35
40.7	18.777	36.521	241.75
41.7	18.396	36.476	243.07
42.7	18.267	36.457	244.31
43.7	18.15	36.442	245.47
44.7	18.093	36.428	246.56
45.7	18.071	36.418	247.55
46.7	18.059	36.416	248.39
47.6	18.035	36.415	249.06
48.6	18.009	36.414	249.55
49.6	17.98	36.414	249.89
50.6	17.945	36.414	250.12
51.6	17.912	36.414	250.29
52.6	17.876	36.413	250.47
53.6	17.812	36.411	250.64
54.6	17.722	36.404	250.74
55.6	17.656	36.397	250.74
56.6	17.619	36.397	250.68
57.6	17.556	36.404	250.62
58.6	17.476	36.401	250.55
59.6	17.428	36.39	250.45
60.5	17.398	36.387	250.32
61.5	17.365	36.383	250.11
62.5	17.339	36.377	249.82
63.5	17.314	36.376	249.42
64.5	17.256	36.38	248.96
65.5	17.168	36.38	248.47
66.5	17.106	36.37	247.97
67.5	17.077	36.361	247.46
68.5	17.059	36.357	246.92
69.5	17.05	36.354	246.33
70.5	17.043	36.354	245.7
71.5	17.027	36.355	245.04
72.5	16.99	36.356	244.35
73.4	16.918	36.357	243.65
74.4	16.814	36.352	242.94
75.4	16.737	36.339	242.23
76.4	16.704	36.328	241.52
77.4	16.678	36.322	240.8
78.4	16.654	36.313	240.06
79.4	16.634	36.308	239.3
80.4	16.597	36.31	238.54
81.4	16.551	36.315	237.77
82.4	16.507	36.313	237.03
83.4	16.466	36.304	236.27
84.4	16.444	36.295	235.46
85.4	16.436	36.291	234.59
86.3	16.404	36.297	233.66
87.3	16.301	36.307	232.67
88.3	16.17	36.292	231.66
89.3	16.106	36.262	230.61
90.3	16.091	36.246	229.53
91.3	16.076	36.243	228.43
92.3	16.063	36.24	227.34
93.3	16.045	36.24	226.24
94.3	16.022	36.238	225.16
95.3	16.002	36.234	224.12
96.3	15.99	36.23	223.12
97.3	15.978	36.229	222.13
98.3	15.952	36.229	221.13
99.2	15.908	36.227	220.07
100.2	15.857	36.22	218.97
101.2	15.824	36.21	217.85
102.2	15.808	36.204	216.74
103.2	15.79	36.201	215.63
104.2	15.769	36.194	214.52
105.2	15.75	36.186	213.46
106.2	15.696	36.18	212.47
107.2	15.618	36.172	211.56
108.2	15.597	36.167	210.78
109.2	15.58	36.165	210.18
110.2	15.556	36.163	209.82
111.2	15.536	36.158	209.68
112.1	15.526	36.154	209.73
113.1	15.519	36.153	209.88
114.1	15.511	36.152	210.1
115.1	15.502	36.151	210.38
116.1	15.491	36.15	210.7
117.1	15.48	36.148	211.04
118.1	15.47	36.146	211.4
119.1	15.459	36.145	211.74
120.1	15.443	36.143	212.03
121.1	15.43	36.14	212.21
122.1	15.422	36.137	212.29
123.1	15.417	36.135	212.29
124.0	15.412	36.135	212.25
125.0	15.406	36.134	212.21
126.0	15.401	36.133	212.18
127.0	15.397	36.132	212.14
128.0	15.382	36.131	212.07
129.0	15.345	36.129	211.96
130.0	15.298	36.125	211.79
131.0	15.237	36.119	211.56
132.0	15.174	36.107	211.32
133.0	15.143	36.094	211.07
134.0	15.135	36.088	210.83
135.0	15.125	36.086	210.59
136.0	15.108	36.084	210.33
136.9	15.089	36.078	210.03
137.9	15.075	36.074	209.71
138.9	15.065	36.072	209.37
139.9	15.051	36.072	209.05
140.9	15.031	36.072	208.8
141.9	15.009	36.068	208.61
142.9	14.987	36.062	208.43
143.9	14.965	36.057	208.24
144.9	14.94	36.055	208.03
145.9	14.908	36.053	207.8
146.9	14.877	36.05	207.6
147.9	14.853	36.045	207.45
148.8	14.836	36.038	207.33
149.8	14.827	36.034	207.22
150.8	14.815	36.032	207.08
151.8	14.792	36.031	206.91
152.8	14.753	36.03	206.73
153.8	14.712	36.026	206.59
154.8	14.686	36.017	206.5
155.8	14.671	36.009	206.45
156.8	14.657	36.004	206.41
157.8	14.647	36.0	206.36
158.8	14.632	35.998	206.29
159.8	14.619	35.998	206.23
160.8	14.614	35.997	206.21
161.7	14.607	35.996	206.24
162.7	14.602	35.995	206.29
163.7	14.6	35.995	206.34
164.7	14.582	35.994	206.34
165.7	14.553	35.991	206.33
166.7	14.534	35.988	206.31
167.7	14.514	35.987	206.29
168.7	14.491	35.983	206.26
169.7	14.474	35.977	206.23
170.7	14.466	35.974	206.15
171.7	14.455	35.973	206.03
172.7	14.439	35.971	205.88
173.6	14.427	35.97	205.73
174.6	14.413	35.967	205.61
175.6	14.392	35.964	205.5
176.6	14.36	35.961	205.37
177.6	14.318	35.954	205.21
178.6	14.291	35.949	205.06
179.6	14.286	35.946	204.93
180.6	14.284	35.945	204.85
181.6	14.282	35.945	204.79
182.6	14.28	35.944	204.74
183.6	14.276	35.944	204.67
184.6	14.269	35.944	204.56
185.5	14.259	35.943	204.42
186.5	14.248	35.942	204.28
187.5	14.241	35.94	204.19
188.5	14.236	35.938	204.14
189.5	14.233	35.937	204.09
190.5	14.231	35.936	204.03
191.5	14.224	35.935	203.94
192.5	14.214	35.934	203.85
193.5	14.208	35.934	203.8
194.5	14.205	35.933	203.81
195.5	14.199	35.933	203.87
196.5	14.194	35.932	203.96
197.5	14.186	35.931	204.06
198.4	14.16	35.93	204.14
199.4	14.123	35.927	204.19
200.4	14.103	35.921	204.22
201.4	14.097	35.918	204.25
202.4	14.093	35.917	204.29
203.4	14.088	35.916	204.32
204.4	14.082	35.916	204.33
205.4	14.073	35.915	204.32
206.4	14.064	35.914	204.28
207.4	14.057	35.911	204.24
208.4	14.049	35.911	204.18
209.4	14.037	35.91	204.14
210.3	14.026	35.908	204.1
211.3	14.019	35.907	204.07
212.3	14.01	35.906	204.06
213.3	13.991	35.907	204.06
214.3	13.964	35.905	204.07
215.3	13.945	35.899	204.09
216.3	13.934	35.894	204.1
217.3	13.921	35.892	204.09
218.3	13.905	35.891	204.04
219.3	13.883	35.89	203.97
220.3	13.86	35.888	203.9
221.3	13.847	35.885	203.84
222.2	13.836	35.882	203.81
223.2	13.823	35.879	203.78
224.2	13.813	35.876	203.76
225.2	13.801	35.875	203.71
226.2	13.787	35.874	203.64
227.2	13.779	35.872	203.59
228.2	13.773	35.87	203.59
229.2	13.764	35.87	203.64
230.2	13.752	35.869	203.73
231.2	13.735	35.867	203.85
232.2	13.71	35.864	203.98
233.2	13.673	35.86	204.07
234.1	13.644	35.854	204.13
235.1	13.636	35.849	204.16
236.1	13.631	35.849	204.19
237.1	13.617	35.849	204.24
238.1	13.6	35.848	204.29
239.1	13.591	35.844	204.31
240.1	13.587	35.842	204.31
241.1	13.578	35.842	204.27
242.1	13.558	35.843	204.19
243.1	13.528	35.841	204.08
244.1	13.507	35.837	203.97
245.0	13.5	35.833	203.88
246.0	13.493	35.832	203.82
247.0	13.487	35.832	203.79
248.0	13.48	35.831	203.75
249.0	13.468	35.832	203.7
250.0	13.448	35.831	203.62
251.0	13.426	35.829	203.53
252.0	13.407	35.827	203.43
253.0	13.394	35.823	203.33
254.0	13.385	35.821	203.24
255.0	13.379	35.82	203.17
256.0	13.373	35.819	203.09
256.9	13.367	35.818	202.99
257.9	13.362	35.817	202.85
258.9	13.357	35.817	202.68
259.9	13.352	35.817	202.5
260.9	13.346	35.816	202.34
261.9	13.339	35.816	202.21
262.9	13.331	35.816	202.11
263.9	13.323	35.814	202.02
264.9	13.316	35.813	201.93
265.9	13.308	35.813	201.82
266.9	13.295	35.812	201.69
267.9	13.28	35.81	201.56
268.8	13.269	35.809	201.48
269.8	13.264	35.807	201.46
270.8	13.263	35.806	201.48
271.8	13.259	35.806	201.51
272.8	13.246	35.807	201.52
273.8	13.225	35.806	201.5
274.8	13.202	35.804	201.48
275.8	13.184	35.801	201.47
276.8	13.168	35.798	201.47
277.8	13.154	35.795	201.5
278.8	13.138	35.793	201.54
279.7	13.121	35.791	201.55
280.7	13.111	35.788	201.52
281.7	13.108	35.786	201.44
282.7	13.106	35.786	201.34
283.7	13.099	35.786	201.24
284.7	13.091	35.786	201.16
285.7	13.082	35.785	201.11
286.7	13.072	35.783	201.07
287.7	13.067	35.78	201.04
288.7	13.065	35.779	200.99
289.7	13.057	35.778	200.93
290.7	13.047	35.778	200.88
291.6	13.043	35.777	200.87
292.6	13.041	35.777	200.89
293.6	13.037	35.776	200.95
294.6	13.034	35.776	201.02
295.6	13.03	35.775	201.08
296.6	13.024	35.775	201.13
297.6	13.007	35.776	201.17
298.6	12.981	35.775	201.24
299.6	12.956	35.77	201.32
300.6	12.933	35.766	201.41
301.6	12.913	35.761	201.48
302.5	12.902	35.758	201.53
303.5	12.895	35.757	201.56
304.5	12.884	35.758	201.58
305.5	12.868	35.756	201.59
306.5	12.85	35.754	201.59
307.5	12.831	35.751	201.57
308.5	12.81	35.747	201.51
309.5	12.792	35.744	201.42
310.5	12.779	35.741	201.31
311.5	12.77	35.738	201.18
312.5	12.764	35.736	201.06
313.5	12.756	35.736	200.94
314.4	12.742	35.737	200.81
315.4	12.725	35.735	200.66
316.4	12.709	35.733	200.5
317.4	12.693	35.731	200.34
318.4	12.68	35.729	200.18
319.4	12.669	35.727	200.05
320.4	12.663	35.725	199.93
321.4	12.662	35.723	199.84
322.4	12.66	35.723	199.76
323.4	12.659	35.723	199.7
324.4	12.659	35.723	199.64
325.3	12.658	35.723	199.59
326.3	12.653	35.723	199.55
327.3	12.638	35.725	199.55
328.3	12.614	35.723	199.59
329.3	12.597	35.719	199.65
330.3	12.592	35.715	199.72
331.3	12.588	35.714	199.78
332.3	12.584	35.713	199.82
333.3	12.576	35.713	199.86
334.3	12.561	35.714	199.91
335.3	12.543	35.713	199.98
336.2	12.528	35.709	200.07
337.2	12.514	35.705	200.14
338.2	12.501	35.704	200.18
339.2	12.49	35.702	200.19
340.2	12.484	35.701	200.2
341.2	12.48	35.701	200.23
342.2	12.477	35.7	200.29
343.2	12.476	35.7	200.36
344.2	12.475	35.7	200.42
345.2	12.469	35.7	200.46
346.2	12.458	35.7	200.47
347.1	12.443	35.7	200.49
348.1	12.423	35.7	200.54
349.1	12.393	35.698	200.63
350.1	12.371	35.692	200.74
351.1	12.366	35.688	200.84
352.1	12.361	35.687	200.91
353.1	12.353	35.686	200.96
354.1	12.346	35.686	201.0
355.1	12.34	35.685	201.05
356.1	12.334	35.684	201.12
357.1	12.329	35.684	201.2
358.0	12.322	35.683	201.27
359.0	12.316	35.682	201.33
360.0	12.31	35.681	201.36
361.0	12.306	35.68	201.36
362.0	12.3	35.68	201.34
363.0	12.291	35.681	201.31
364.0	12.279	35.681	201.28
365.0	12.268	35.68	201.28
366.0	12.251	35.68	201.29
367.0	12.232	35.678	201.3
368.0	12.223	35.674	201.31
368.9	12.221	35.672	201.3
369.9	12.219	35.672	201.26
370.9	12.213	35.672	201.23
371.9	12.205	35.673	201.23
372.9	12.19	35.673	201.27
373.9	12.17	35.672	201.33
374.9	12.154	35.669	201.39
375.9	12.15	35.666	201.44
376.9	12.15	35.665	201.46
377.9	12.149	35.665	201.46
378.9	12.146	35.665	201.48
379.8	12.142	35.665	201.52
380.8	12.134	35.666	201.58
381.8	12.125	35.665	201.64
382.8	12.117	35.663	201.68
383.8	12.112	35.662	201.68
384.8	12.104	35.663	201.66
385.8	12.093	35.663	201.61
386.8	12.084	35.661	201.55
387.8	12.08	35.66	201.49
388.8	12.078	35.659	201.41
389.8	12.076	35.66	201.3
390.7	12.069	35.661	201.14
391.7	12.058	35.662	200.93
392.7	12.053	35.661	200.69
393.7	12.051	35.661	200.43
394.7	12.046	35.663	200.17
395.7	12.041	35.663	199.91
396.7	12.037	35.664	199.65
397.7	12.035	35.664	199.38
398.7	12.033	35.664	199.09
399.7	12.031	35.663	198.79
400.7	12.029	35.663	198.52
401.6	12.028	35.663	198.3
402.6	12.025	35.662	198.13
403.6	12.022	35.662	198.0
404.6	12.018	35.661	197.9
405.6	12.014	35.661	197.79
406.6	12.008	35.661	197.71
407.6	12.003	35.661	197.66
408.6	12.0	35.66	197.66
409.6	11.995	35.66	197.69
410.6	11.988	35.66	197.75
411.6	11.977	35.659	197.83
412.5	11.955	35.659	197.9
413.5	11.927	35.657	197.96
414.5	11.904	35.651	198.03
415.5	11.887	35.647	198.11
416.5	11.873	35.644	198.2
417.5	11.862	35.643	198.28
418.5	11.853	35.641	198.36
419.5	11.842	35.641	198.43
420.5	11.832	35.639	198.48
421.5	11.825	35.637	198.51
422.5	11.819	35.636	198.51
423.4	11.812	35.636	198.48
424.4	11.803	35.637	198.45
425.4	11.793	35.637	198.42
426.4	11.786	35.636	198.38
427.4	11.783	35.635	198.32
428.4	11.781	35.635	198.23
429.4	11.774	35.635	198.11
430.4	11.76	35.637	197.97
431.4	11.745	35.637	197.82
432.4	11.734	35.635	197.7
433.3	11.727	35.633	197.6
434.3	11.723	35.632	197.52
435.3	11.721	35.631	197.43
436.3	11.72	35.632	197.31
437.3	11.72	35.633	197.19
438.3	11.719	35.634	197.06
439.3	11.714	35.635	196.97
440.3	11.708	35.635	196.88
441.3	11.706	35.634	196.79
442.3	11.714	35.634	196.7
443.3	11.729	35.638	196.59
444.2	11.738	35.644	196.46
445.2	11.736	35.648	196.31
446.2	11.732	35.649	196.14
447.2	11.73	35.649	195.96
448.2	11.728	35.649	195.78
449.2	11.725	35.65	195.61
450.2	11.719	35.65	195.44
451.2	11.714	35.65	195.3
452.2	11.712	35.649	195.17
453.2	11.71	35.649	195.06
454.2	11.709	35.649	194.94
455.1	11.708	35.649	194.82
456.1	11.707	35.649	194.71
457.1	11.708	35.649	194.64
458.1	11.705	35.652	194.61
459.1	11.698	35.653	194.61
460.1	11.687	35.653	194.62
461.1	11.679	35.651	194.62
462.1	11.671	35.65	194.6
463.1	11.662	35.65	194.57
464.1	11.657	35.649	194.53
465.0	11.653	35.649	194.5
466.0	11.647	35.649	194.48
467.0	11.634	35.651	194.46
468.0	11.617	35.651	194.44
469.0	11.602	35.648	194.4
470.0	11.595	35.645	194.34
471.0	11.594	35.644	194.26
472.0	11.59	35.644	194.15
473.0	11.583	35.644	194.04
474.0	11.575	35.644	193.93
475.0	11.567	35.643	193.83
475.9	11.554	35.644	193.74
476.9	11.536	35.643	193.63
477.9	11.528	35.639	193.51
478.9	11.527	35.635	193.37
479.9	11.524	35.637	193.21
480.9	11.518	35.639	193.05
481.9	11.512	35.64	192.9
482.9	11.508	35.64	192.77
483.9	11.507	35.639	192.68
484.9	11.505	35.639	192.59
485.8	11.504	35.639	192.51
486.8	11.501	35.64	192.42
487.8	11.499	35.64	192.34
488.8	11.495	35.641	192.27
489.8	11.488	35.641	192.2
490.8	11.481	35.641	192.15
491.8	11.475	35.641	192.11
492.8	11.468	35.641	192.08
493.8	11.456	35.642	192.04
494.8	11.443	35.639	191.98
495.7	11.433	35.638	191.91
496.7	11.411	35.642	191.82
497.7	11.384	35.636	191.73
498.7	11.372	35.629	191.65
499.7	11.37	35.628	191.6
500.7	11.375	35.628	191.56
501.7	11.38	35.627	191.52
502.7	11.374	35.63	191.45
503.7	11.364	35.634	191.36
504.7	11.353	35.635	191.28
505.7	11.339	35.634	191.22
506.6	11.329	35.632	191.18
507.6	11.326	35.63	191.15
508.6	11.325	35.63	191.11
509.6	11.324	35.63	191.04
510.6	11.324	35.631	190.94
511.6	11.324	35.631	190.84
512.6	11.325	35.631	190.75
513.6	11.324	35.632	190.68
514.6	11.321	35.634	190.62
515.6	11.315	35.635	190.54
516.5	11.312	35.636	190.45
517.5	11.316	35.638	190.35
518.5	11.317	35.642	190.24
519.5	11.314	35.645	190.12
520.5	11.313	35.647	190.01
521.5	11.319	35.65	189.89
522.5	11.323	35.654	189.75
523.5	11.32	35.657	189.6
524.5	11.313	35.657	189.43
525.5	11.309	35.657	189.27
526.4	11.309	35.657	189.11
527.4	11.311	35.66	188.95
528.4	11.312	35.663	188.77
529.4	11.314	35.665	188.58
530.4	11.315	35.666	188.39
531.4	11.314	35.666	188.22
532.4	11.314	35.667	188.07
533.4	11.314	35.667	187.95
534.4	11.313	35.668	187.86
535.4	11.313	35.668	187.79
536.3	11.314	35.669	187.71
537.3	11.315	35.67	187.62
538.3	11.317	35.673	187.55
539.3	11.317	35.674	187.51
540.3	11.315	35.675	187.5
541.3	11.311	35.676	187.53
542.3	11.305	35.676	187.58
543.3	11.298	35.676	187.63
544.3	11.301	35.675	187.65
545.3	11.303	35.675	187.64
546.2	11.299	35.678	187.61
547.2	11.298	35.68	187.57
548.2	11.3	35.681	187.54
549.2	11.3	35.682	187.51
550.2	11.3	35.684	187.47
551.2	11.301	35.687	187.42
552.2	11.301	35.687	187.33
553.2	11.301	35.687	187.21
554.2	11.301	35.691	187.07
555.2	11.303	35.694	186.95
556.1	11.304	35.695	186.87
557.1	11.304	35.698	186.82
558.1	11.302	35.701	186.78
559.1	11.302	35.699	186.76
560.1	11.303	35.697	186.72
561.1	11.303	35.7	186.66
562.1	11.303	35.702	186.59
563.1	11.303	35.704	186.52
564.1	11.303	35.705	186.47
565.1	11.303	35.707	186.43
566.0	11.303	35.709	186.38
567.0	11.303	35.712	186.29
568.0	11.303	35.712	186.16
569.0	11.303	35.711	185.99
570.0	11.301	35.713	185.81
571.0	11.298	35.715	185.62
572.0	11.296	35.714	185.45
573.0	11.296	35.714	185.29
574.0	11.295	35.715	185.14
575.0	11.296	35.715	184.97
575.9	11.296	35.715	184.78
576.9	11.288	35.717	184.57
577.9	11.268	35.719	184.37
578.9	11.243	35.72	184.2
579.9	11.214	35.719	184.07
580.9	11.191	35.713	183.97
581.9	11.189	35.702	183.87
582.9	11.21	35.701	183.75
583.9	11.211	35.706	183.61
584.9	11.167	35.709	183.44
585.8	11.139	35.702	183.27
586.8	11.128	35.697	183.13
587.8	11.118	35.695	183.01
588.8	11.116	35.691	182.89
589.8	11.116	35.689	182.74
590.8	11.112	35.69	182.55
591.8	11.104	35.69	182.33
592.8	11.078	35.689	182.11
593.8	11.058	35.686	181.91
594.8	11.057	35.683	181.74
595.7	11.073	35.68	181.61
596.7	11.122	35.69	181.48
597.7	11.165	35.71	181.35
598.7	11.184	35.721	181.21
599.7	11.207	35.723	181.05
600.7	11.212	35.735	180.91
601.7	11.179	35.748	180.81
602.7	11.125	35.745	180.73
603.7	11.087	35.734	180.65
604.7	11.101	35.722	180.56
605.6	11.109	35.72	180.43
606.6	11.072	35.726	180.26
607.6	11.037	35.715	180.08
608.6	11.022	35.709	179.92
609.6	11.003	35.709	179.79
610.6	10.988	35.703	179.67
611.6	10.994	35.701	179.54
612.6	10.995	35.702	179.38
613.6	10.971	35.701	179.18
614.5	10.952	35.699	178.97
615.5	10.938	35.697	178.77
616.5	10.93	35.695	178.59
617.5	10.926	35.694	178.44
618.5	10.913	35.695	178.28
619.5	10.877	35.693	178.09
620.5	10.824	35.684	177.85
621.5	10.802	35.677	177.57
622.5	10.798	35.674	177.29
623.5	10.798	35.674	177.02
624.4	10.796	35.675	176.76
625.4	10.782	35.675	176.51
626.4	10.77	35.671	176.24
627.4	10.757	35.669	175.93
628.4	10.705	35.67	175.59
629.4	10.658	35.662	175.23
630.4	10.632	35.653	174.88
631.4	10.618	35.646	174.55
632.4	10.61	35.641	174.22
633.4	10.602	35.64	173.9
634.3	10.59	35.639	173.57
635.3	10.579	35.637	173.22
636.3	10.576	35.635	172.87
637.3	10.565	35.636	172.52
638.3	10.528	35.638	172.2
639.3	10.493	35.629	171.9
640.3	10.475	35.622	171.63
641.3	10.468	35.619	171.37
642.3	10.466	35.618	171.12
643.3	10.487	35.618	170.88
644.2	10.488	35.62	170.65
645.2	10.472	35.624	170.43
646.2	10.468	35.621	170.23
647.2	10.469	35.619	170.05
648.2	10.467	35.619	169.88
649.2	10.47	35.62	169.73
650.2	10.47	35.62	169.58
651.2	10.461	35.622	169.4
652.2	10.449	35.623	169.22
653.1	10.448	35.621	169.05
654.1	10.455	35.621	168.89
655.1	10.463	35.623	168.75
656.1	10.471	35.627	168.63
657.1	10.48	35.63	168.51
658.1	10.492	35.634	168.41
659.1	10.506	35.638	168.31
660.1	10.519	35.641	168.24
661.1	10.537	35.646	168.21
662.1	10.553	35.654	168.22
663.0	10.565	35.66	168.27
664.0	10.579	35.664	168.35
665.0	10.598	35.667	168.45
666.0	10.623	35.676	168.59
667.0	10.644	35.687	168.76
668.0	10.661	35.694	168.95
669.0	10.686	35.702	169.15
670.0	10.707	35.711	169.34
671.0	10.715	35.716	169.55
671.9	10.717	35.718	169.76
672.9	10.718	35.719	169.97
673.9	10.718	35.719	170.17
674.9	10.717	35.719	170.36
675.9	10.718	35.72	170.52
676.9	10.719	35.721	170.66
677.9	10.719	35.722	170.77
678.9	10.719	35.722	170.87
679.9	10.719	35.723	170.97
680.9	10.719	35.723	171.06
681.8	10.717	35.723	171.12
682.8	10.711	35.724	171.16
683.8	10.698	35.724	171.16
684.8	10.69	35.722	171.15
685.8	10.69	35.721	171.13
686.8	10.69	35.721	171.09
687.8	10.69	35.722	171.04
688.8	10.683	35.724	170.97
689.8	10.662	35.723	170.88
690.7	10.641	35.719	170.78
691.7	10.631	35.716	170.68
692.7	10.618	35.715	170.56
693.7	10.603	35.712	170.45
694.7	10.597	35.708	170.33
695.7	10.591	35.707	170.21
696.7	10.575	35.706	170.09
697.7	10.561	35.705	169.98
698.7	10.542	35.704	169.88
699.6	10.528	35.699	169.79
700.6	10.541	35.697	169.7
701.6	10.544	35.697	169.59
702.6	10.526	35.698	169.46
703.6	10.519	35.698	169.32
704.6	10.502	35.701	169.2
705.6	10.48	35.7	169.09
706.6	10.47	35.694	168.98
707.6	10.486	35.69	168.86
708.6	10.491	35.69	168.73
709.5	10.476	35.693	168.58
710.5	10.472	35.692	168.43
711.5	10.469	35.692	168.29
712.5	10.453	35.696	168.19
713.5	10.436	35.691	168.13
714.5	10.432	35.689	168.08
715.5	10.431	35.69	168.04
716.5	10.422	35.691	168.0
717.5	10.42	35.691	167.98
718.4	10.433	35.691	167.98
719.4	10.466	35.698	168.01
720.4	10.499	35.711	168.08
721.4	10.516	35.722	168.17
722.4	10.524	35.725	168.27
723.4	10.522	35.726	168.37
724.4	10.517	35.726	168.49
725.4	10.513	35.725	168.61
726.4	10.51	35.724	168.74
727.3	10.514	35.722	168.88
728.3	10.536	35.725	169.02
729.3	10.554	35.733	169.16
730.3	10.55	35.739	169.28
731.3	10.54	35.739	169.39
732.3	10.53	35.738	169.48
733.3	10.532	35.736	169.56
734.3	10.546	35.737	169.64
735.3	10.558	35.742	169.71
736.3	10.557	35.747	169.79
737.2	10.551	35.746	169.84
738.2	10.552	35.746	169.86
739.2	10.566	35.751	169.84
740.2	10.569	35.757	169.82
741.2	10.56	35.762	169.8
742.2	10.547	35.764	169.79
743.2	10.527	35.761	169.81
744.2	10.532	35.757	169.83
745.2	10.54	35.756	169.85
746.1	10.552	35.762	169.85
747.1	10.565	35.77	169.85
748.1	10.572	35.776	169.89
749.1	10.575	35.78	169.99
750.1	10.577	35.782	170.15
751.1	10.579	35.784	170.35
752.1	10.575	35.784	170.56
753.1	10.575	35.782	170.77
754.1	10.579	35.782	170.96
755.0	10.583	35.786	171.15
756.0	10.584	35.788	171.36
757.0	10.584	35.789	171.57
758.0	10.583	35.791	171.79
759.0	10.582	35.79	171.98
760.0	10.582	35.79	172.13
761.0	10.585	35.791	172.22
762.0	10.585	35.793	172.27
763.0	10.584	35.795	172.31
763.9	10.583	35.795	172.33
764.9	10.582	35.795	172.36
765.9	10.582	35.796	172.36
766.9	10.581	35.796	172.34
767.9	10.581	35.797	172.29
768.9	10.581	35.798	172.24
769.9	10.583	35.8	172.18
770.9	10.584	35.801	172.13
771.9	10.583	35.802	172.1
772.8	10.583	35.803	172.09
773.8	10.584	35.805	172.1
774.8	10.585	35.807	172.11
775.8	10.586	35.808	172.12
776.8	10.586	35.808	172.13
777.8	10.586	35.809	172.13
778.8	10.586	35.809	172.15
779.8	10.586	35.809	172.18
780.8	10.585	35.81	172.23
781.7	10.585	35.81	172.28
782.7	10.585	35.81	172.34
783.7	10.585	35.81	172.37
784.7	10.584	35.81	172.38
785.7	10.584	35.81	172.37
786.7	10.582	35.81	172.38
787.7	10.58	35.81	172.42
788.7	10.58	35.81	172.47
789.7	10.578	35.81	172.53
790.6	10.58	35.81	172.58
791.6	10.58	35.81	172.6
792.6	10.578	35.811	172.61
793.6	10.577	35.81	172.62
794.6	10.577	35.81	172.65
795.6	10.575	35.811	172.7
796.6	10.576	35.811	172.77
797.6	10.576	35.811	172.82
798.6	10.575	35.811	172.84
799.5	10.573	35.811	172.85
800.5	10.573	35.811	172.87
801.5	10.573	35.811	172.9
802.5	10.571	35.813	172.96
803.5	10.572	35.813	173.02
804.5	10.573	35.813	173.06
805.5	10.574	35.815	173.06
806.5	10.575	35.819	173.04
807.5	10.579	35.819	173.01
808.4	10.586	35.821	172.98
809.4	10.586	35.825	172.96
810.4	10.582	35.826	172.94
811.4	10.579	35.825	172.91
812.4	10.576	35.826	172.84
813.4	10.575	35.826	172.75
814.4	10.573	35.825	172.65
815.4	10.572	35.825	172.57
816.4	10.572	35.826	172.51
817.3	10.569	35.827	172.47
818.3	10.565	35.827	172.45
819.3	10.56	35.827	172.44
820.3	10.556	35.826	172.42
821.3	10.546	35.826	172.39
822.3	10.536	35.825	172.36
823.3	10.53	35.824	172.35
824.3	10.525	35.824	172.36
825.3	10.515	35.825	172.39
826.2	10.505	35.824	172.45
827.2	10.507	35.821	172.5
828.2	10.507	35.821	172.55
829.2	10.498	35.823	172.57
830.2	10.488	35.823	172.59
831.2	10.482	35.823	172.62
832.2	10.478	35.823	172.66
833.2	10.474	35.823	172.72
834.2	10.471	35.823	172.77
835.1	10.471	35.822	172.81
836.1	10.469	35.822	172.81
837.1	10.467	35.823	172.79
838.1	10.463	35.824	172.76
839.1	10.458	35.825	172.74
840.1	10.455	35.826	172.73
841.1	10.452	35.826	172.72
842.1	10.449	35.826	172.69
843.1	10.446	35.827	172.65
844.0	10.441	35.828	172.6
845.0	10.439	35.828	172.57
846.0	10.438	35.828	172.55
847.0	10.437	35.828	172.55
848.0	10.435	35.829	172.54
849.0	10.433	35.829	172.53
850.0	10.435	35.83	172.5
851.0	10.439	35.831	172.46
852.0	10.441	35.833	172.44
852.9	10.441	35.836	172.45
853.9	10.439	35.838	172.46
854.9	10.438	35.839	172.47
855.9	10.438	35.84	172.46
856.9	10.438	35.843	172.43
857.9	10.433	35.846	172.4
858.9	10.429	35.846	172.4
859.9	10.427	35.847	172.43
860.8	10.425	35.849	172.49
861.8	10.428	35.847	172.56
862.8	10.428	35.847	172.62
863.8	10.425	35.848	172.67
864.8	10.424	35.848	172.71
865.8	10.419	35.851	172.78
866.8	10.413	35.853	172.88
867.8	10.411	35.854	173.0
868.8	10.413	35.853	173.14
869.7	10.414	35.853	173.27
870.7	10.411	35.854	173.36
871.7	10.401	35.857	173.43
872.7	10.4	35.857	173.48
873.7	10.399	35.858	173.55
874.7	10.396	35.859	173.62
875.7	10.393	35.86	173.7
876.7	10.39	35.861	173.75
877.7	10.391	35.86	173.77
878.6	10.389	35.861	173.76
879.6	10.379	35.864	173.73
880.6	10.375	35.865	173.71
881.6	10.374	35.865	173.7
882.6	10.372	35.866	173.71
883.6	10.374	35.866	173.73
884.6	10.373	35.866	173.74
885.6	10.365	35.869	173.73
886.5	10.363	35.869	173.72
887.5	10.362	35.869	173.71
888.5	10.359	35.869	173.72
889.5	10.357	35.87	173.75
890.5	10.356	35.871	173.81
891.5	10.354	35.872	173.86
892.5	10.354	35.872	173.91
893.5	10.353	35.872	173.94
894.5	10.352	35.873	173.97
895.4	10.351	35.873	174.01
896.4	10.35	35.874	174.08
897.4	10.346	35.877	174.17
898.4	10.343	35.88	174.26
899.4	10.346	35.878	174.36
900.4	10.346	35.878	174.45
901.4	10.344	35.88	174.52
902.4	10.34	35.884	174.58
903.4	10.34	35.884	174.66
904.3	10.338	35.886	174.75
905.3	10.338	35.886	174.85
906.3	10.339	35.885	174.93
907.3	10.337	35.887	174.98
908.3	10.333	35.891	175.01
909.3	10.333	35.893	175.04
910.3	10.333	35.894	175.07
911.3	10.333	35.895	175.1
912.2	10.333	35.895	175.13
913.2	10.333	35.894	175.14
914.2	10.334	35.895	175.13
915.2	10.334	35.896	175.11
916.2	10.334	35.897	175.09
917.2	10.333	35.899	175.08
918.2	10.333	35.9	175.09
919.2	10.333	35.9	175.1
920.2	10.332	35.9	175.09
921.1	10.33	35.902	175.06
922.1	10.334	35.904	175.02
923.1	10.334	35.907	175.0
924.1	10.331	35.909	175.01
925.1	10.331	35.909	175.03
926.1	10.331	35.909	175.05
927.1	10.331	35.91	175.05
928.1	10.332	35.911	175.03
929.0	10.334	35.912	175.0
930.0	10.336	35.913	174.97
931.0	10.337	35.915	174.96
932.0	10.335	35.919	174.97
933.0	10.331	35.919	175.0
934.0	10.332	35.918	175.02
935.0	10.331	35.919	175.04
936.0	10.329	35.921	175.04
937.0	10.328	35.921	175.04
937.9	10.329	35.922	175.07
938.9	10.332	35.923	175.14
939.9	10.333	35.924	175.23
940.9	10.333	35.926	175.35
941.9	10.333	35.925	175.46
942.9	10.336	35.926	175.56
943.9	10.339	35.929	175.63
944.9	10.338	35.93	175.7
945.8	10.338	35.931	175.76
946.8	10.339	35.933	175.84
947.8	10.339	35.934	175.93
948.8	10.34	35.935	176.0
949.8	10.34	35.936	176.05
950.8	10.34	35.936	176.07
951.8	10.341	35.937	176.07
952.8	10.342	35.938	176.08
953.8	10.342	35.939	176.11
954.7	10.342	35.941	176.15
955.7	10.342	35.943	176.2
956.7	10.342	35.943	176.26
957.7	10.342	35.944	176.3
958.7	10.341	35.946	176.33
959.7	10.34	35.947	176.36
960.7	10.339	35.947	176.38
961.7	10.338	35.948	176.4
962.6	10.339	35.948	176.41
963.6	10.339	35.948	176.4
964.6	10.339	35.948	176.37
965.6	10.339	35.949	176.33
966.6	10.339	35.949	176.29
967.6	10.339	35.949	176.25
968.6	10.339	35.95	176.21
969.6	10.339	35.95	176.17
970.5	10.339	35.951	176.14
971.5	10.34	35.954	176.13
972.5	10.341	35.958	176.14
973.5	10.341	35.959	176.17
974.5	10.34	35.96	176.22
975.5	10.338	35.961	176.28
976.5	10.337	35.961	176.34
977.5	10.337	35.961	176.4
978.5	10.336	35.962	176.48
979.4	10.335	35.962	176.57
980.4	10.335	35.962	176.68
981.4	10.334	35.962	176.78
982.4	10.332	35.964	176.87
983.4	10.331	35.965	176.93
984.4	10.331	35.967	176.99
985.4	10.33	35.968	177.05
986.4	10.329	35.969	177.12
987.3	10.328	35.971	177.2
988.3	10.329	35.973	177.28
989.3	10.331	35.974	177.34
990.3	10.337	35.977	177.39
991.3	10.343	35.981	177.43
992.3	10.348	35.983	177.48
993.3	10.351	35.986	177.56
994.3	10.352	35.988	177.66
995.2	10.351	35.989	177.76
996.2	10.352	35.989	177.85
997.2	10.356	35.991	177.91
998.2	10.357	35.994	177.96
999.2	10.356	35.995	178.01
1000.2	10.355	35.996	178.06
1001.2	10.354	35.996	178.12
1002.2	10.353	35.997	178.18
1003.2	10.353	35.996	178.22
1004.1	10.351	35.997	178.23
1005.1	10.348	35.997	178.23
1006.1	10.345	35.998	178.22
1007.1	10.342	35.998	178.22
1008.1	10.341	35.997	178.23
1009.1	10.341	35.998	178.25
1010.1	10.341	35.998	178.27
1011.1	10.341	35.998	178.28
1012.0	10.341	35.998	178.3
1013.0	10.341	35.998	178.32
1014.0	10.34	35.999	178.35
1015.0	10.34	36.0	178.39
1016.0	10.341	36.001	178.43
1017.0	10.341	36.002	178.47
1018.0	10.342	36.003	178.51
1019.0	10.343	36.004	178.56
1019.9	10.344	36.006	178.62
1020.9	10.345	36.007	178.69
1021.9	10.349	36.009	178.77
1022.9	10.354	36.014	178.85
1023.9	10.355	36.021	178.93
1024.9	10.353	36.022	179.02
1025.9	10.353	36.021	179.12
1026.9	10.352	36.021	179.22
1027.8	10.35	36.021	179.32
1028.8	10.345	36.022	179.42
1029.8	10.346	36.022	179.5
1030.8	10.352	36.024	179.58
1031.8	10.362	36.027	179.65
1032.8	10.368	36.031	179.72
1033.8	10.37	36.034	179.78
1034.8	10.371	36.035	179.83
1035.7	10.372	36.036	179.87
1036.7	10.371	36.037	179.9
1037.7	10.372	36.037	179.94
1038.7	10.374	36.038	179.98
1039.7	10.375	36.04	180.03
1040.7	10.375	36.04	180.09
1041.7	10.377	36.04	180.13
1042.7	10.382	36.042	180.16
1043.7	10.383	36.043	180.17
1044.6	10.383	36.043	180.2
1045.6	10.385	36.044	180.22
1046.6	10.386	36.045	180.25
1047.6	10.387	36.046	180.28
1048.6	10.388	36.047	180.31
1049.6	10.389	36.048	180.33
1050.6	10.389	36.05	180.35
1051.6	10.389	36.051	180.36
1052.5	10.389	36.051	180.38
1053.5	10.389	36.052	180.42
1054.5	10.389	36.054	180.47
1055.5	10.389	36.056	180.53
1056.5	10.389	36.058	180.61
1057.5	10.388	36.059	180.68
1058.5	10.388	36.06	180.75
1059.5	10.387	36.061	180.8
1060.4	10.387	36.062	180.85
1061.4	10.386	36.063	180.9
1062.4	10.384	36.065	180.94
1063.4	10.383	36.066	180.98
1064.4	10.383	36.066	181.01
1065.4	10.383	36.066	181.02
1066.4	10.383	36.067	181.02
1067.4	10.383	36.068	181.0
1068.3	10.383	36.068	180.97
1069.3	10.383	36.069	180.95
1070.3	10.382	36.07	180.94
1071.3	10.382	36.071	180.94
1072.3	10.381	36.072	180.96
1073.3	10.379	36.073	181.0
1074.3	10.379	36.074	181.06
1075.3	10.379	36.074	181.12
1076.2	10.377	36.075	181.19
1077.2	10.374	36.077	181.26
1078.2	10.372	36.078	181.34
1079.2	10.368	36.079	181.42
1080.2	10.367	36.079	181.51
1081.2	10.366	36.08	181.6
1082.2	10.365	36.08	181.68
1083.2	10.364	36.081	181.74
1084.1	10.361	36.082	181.79
1085.1	10.358	36.082	181.83
1086.1	10.354	36.082	181.86
1087.1	10.35	36.083	181.91
1088.1	10.345	36.084	181.99
1089.1	10.34	36.083	182.08
1090.1	10.342	36.082	182.19
1091.1	10.343	36.083	182.3
1092.0	10.336	36.085	182.4
1093.0	10.327	36.085	182.5
1094.0	10.328	36.083	182.61
1095.0	10.328	36.083	182.73
1096.0	10.328	36.083	182.86
1097.0	10.328	36.083	182.99
1098.0	10.328	36.083	183.1
1099.0	10.328	36.084	183.2
1099.9	10.328	36.084	183.27
1100.9	10.327	36.084	183.31
1101.9	10.323	36.084	183.34
1102.9	10.318	36.084	183.37
1103.9	10.313	36.084	183.41
1104.9	10.311	36.084	183.45
1105.9	10.31	36.084	183.5
1106.9	10.309	36.084	183.54
1107.8	10.306	36.084	183.58
1108.8	10.302	36.084	183.6
1109.8	10.296	36.085	183.64
1110.8	10.291	36.084	183.69
1111.8	10.287	36.083	183.76
1112.8	10.284	36.082	183.83
1113.8	10.283	36.082	183.9
1114.8	10.284	36.081	183.95
1115.7	10.283	36.081	183.99
1116.7	10.281	36.082	184.02
1117.7	10.277	36.082	184.04
1118.7	10.278	36.083	184.07
1119.7	10.279	36.085	184.09
1120.7	10.278	36.086	184.11
1121.7	10.278	36.086	184.12
1122.7	10.277	36.086	184.12
1123.6	10.276	36.086	184.11
1124.6	10.276	36.087	184.11
1125.6	10.275	36.088	184.11
1126.6	10.274	36.088	184.1
1127.6	10.273	36.088	184.1
1128.6	10.271	36.088	184.09
1129.6	10.269	36.088	184.09
1130.5	10.268	36.088	184.09
1131.5	10.268	36.089	184.09
1132.5	10.268	36.088	184.1
1133.5	10.268	36.088	184.12
1134.5	10.268	36.089	184.14
1135.5	10.267	36.089	184.16
1136.5	10.267	36.089	184.2
1137.5	10.265	36.09	184.25
1138.4	10.26	36.092	184.31
1139.4	10.255	36.092	184.38
1140.4	10.255	36.093	184.45
1141.4	10.255	36.094	184.51
1142.4	10.258	36.096	184.57
1143.4	10.262	36.097	184.61
1144.4	10.267	36.1	184.63
1145.4	10.27	36.103	184.66
1146.3	10.272	36.104	184.68
1147.3	10.273	36.105	184.69
1148.3	10.274	36.106	184.68
1149.3	10.275	36.107	184.66
1150.3	10.276	36.107	184.61
1151.3	10.278	36.108	184.55
1152.3	10.278	36.108	184.48
1153.3	10.277	36.108	184.43
1154.2	10.275	36.109	184.41
1155.2	10.274	36.108	184.4
1156.2	10.274	36.108	184.39
1157.2	10.274	36.108	184.38
1158.2	10.273	36.108	184.36
1159.2	10.274	36.108	184.35
1160.2	10.275	36.108	184.37
1161.2	10.275	36.108	184.42
1162.1	10.276	36.109	184.51
1163.1	10.276	36.109	184.61
1164.1	10.276	36.109	184.7
1165.1	10.277	36.109	184.77
1166.1	10.275	36.111	184.84
1167.1	10.271	36.112	184.92
1168.1	10.269	36.111	185.01
1169.1	10.267	36.111	185.12
1170.0	10.265	36.112	185.23
1171.0	10.267	36.113	185.32
1172.0	10.272	36.115	185.38
1173.0	10.277	36.118	185.42
1174.0	10.276	36.121	185.46
1175.0	10.268	36.122	185.51
1176.0	10.264	36.121	185.57
1176.9	10.265	36.121	185.64
1177.9	10.267	36.122	185.7
1178.9	10.265	36.124	185.75
1179.9	10.249	36.127	185.79
1180.9	10.217	36.129	185.84
1181.9	10.182	36.123	185.92
1182.9	10.165	36.114	186.02
1183.9	10.16	36.108	186.15
1184.8	10.141	36.108	186.27
1185.8	10.1	36.105	186.38
1186.8	10.061	36.096	186.48
1187.8	10.046	36.086	186.58
1188.8	10.035	36.086	186.69
1189.8	10.002	36.086	186.83
1190.8	9.972	36.077	186.98
1191.8	9.961	36.07	187.13
1192.7	9.949	36.069	187.27
1193.7	9.928	36.068	187.38
1194.7	9.91	36.064	187.5
1195.7	9.906	36.061	187.63
1196.7	9.904	36.061	187.79
1197.7	9.898	36.061	187.97
1198.7	9.896	36.06	188.16
1199.6	9.9	36.059	188.32
1200.6	9.896	36.06	188.46
1201.6	9.888	36.061	188.57
1202.6	9.885	36.059	188.66
1203.6	9.881	36.059	188.76
1204.6	9.878	36.058	188.86
1205.6	9.876	36.057	188.94
1206.6	9.875	36.057	188.98
1207.5	9.87	36.058	188.97
1208.5	9.858	36.058	188.93
1209.5	9.847	36.056	188.87
1210.5	9.836	36.054	188.82
1211.5	9.816	36.055	188.79
1212.5	9.799	36.052	188.77
1213.5	9.792	36.048	188.76
1214.5	9.8	36.048	188.73
1215.4	9.812	36.053	188.69
1216.4	9.817	36.056	188.66
1217.4	9.819	36.056	188.66
1218.4	9.82	36.057	188.7
1219.4	9.819	36.058	188.76
1220.4	9.817	36.057	188.84
1221.4	9.821	36.056	188.91
1222.3	9.833	36.056	188.96
1223.3	9.846	36.06	189.0
1224.3	9.848	36.065	189.05
1225.3	9.85	36.065	189.11
1226.3	9.853	36.066	189.19
1227.3	9.855	36.066	189.26
1228.3	9.866	36.068	189.3
1229.3	9.881	36.072	189.3
1230.2	9.889	36.073	189.28
1231.2	9.902	36.075	189.25
1232.2	9.91	36.081	189.22
1233.2	9.901	36.084	189.2
1234.2	9.882	36.079	189.19
1235.2	9.871	36.07	189.16
1236.2	9.874	36.068	189.13
1237.1	9.879	36.067	189.08
1238.1	9.884	36.07	189.05
1239.1	9.897	36.074	189.04
1240.1	9.949	36.082	189.07
1241.1	10.023	36.1	189.13
1242.1	9.998	36.112	189.2
1243.1	9.979	36.107	189.28
1244.1	9.967	36.107	189.35
1245.0	9.926	36.117	189.42
1246.0	9.868	36.104	189.5
1247.0	9.841	36.086	189.59
1248.0	9.807	36.075	189.69
1249.0	9.781	36.072	189.8
1250.0	9.737	36.064	189.89
1251.0	9.691	36.05	189.97
1252.0	9.68	36.04	190.04
1252.9	9.68	36.04	190.11
1253.9	9.682	36.041	190.19
1254.9	9.686	36.039	190.3
1255.9	9.688	36.04	190.42
1256.9	9.691	36.041	190.54
1257.9	9.696	36.043	190.67
1258.9	9.695	36.044	190.8
1259.8	9.69	36.046	190.92
1260.8	9.69	36.043	191.05
1261.8	9.704	36.041	191.17
1262.8	9.711	36.045	191.3
1263.8	9.705	36.049	191.43
1264.8	9.701	36.049	191.53
1265.8	9.685	36.052	191.62
1266.8	9.639	36.051	191.69
1267.7	9.583	36.037	191.76
1268.7	9.553	36.024	191.84
1269.7	9.532	36.019	191.92
1270.7	9.489	36.014	192.0
1271.7	9.444	36.002	192.07
1272.7	9.43	35.99	192.13
1273.7	9.427	35.987	192.19
1274.6	9.421	35.988	192.25
1275.6	9.413	35.987	192.31
1276.6	9.398	35.987	192.38
1277.6	9.383	35.983	192.45
1278.6	9.381	35.978	192.51
1279.6	9.376	35.978	192.55
1280.6	9.369	35.977	192.57
1281.5	9.37	35.975	192.58
1282.5	9.374	35.977	192.6
1283.5	9.374	35.978	192.63
1284.5	9.374	35.978	192.65
1285.5	9.376	35.978	192.65
1286.5	9.376	35.979	192.64
1287.5	9.372	35.981	192.62
1288.5	9.36	35.981	192.6
1289.4	9.344	35.979	192.59
1290.4	9.329	35.976	192.6
1291.4	9.325	35.971	192.62
1292.4	9.336	35.969	192.66
1293.4	9.326	35.973	192.69
1294.4	9.304	35.975	192.71
1295.4	9.298	35.969	192.75
1296.3	9.298	35.967	192.82
1297.3	9.301	35.967	192.92
1298.3	9.307	35.967	193.05
1299.3	9.309	35.968	193.18
1300.3	9.306	35.97	193.3
1301.3	9.297	35.97	193.4
1302.3	9.289	35.968	193.5
1303.3	9.284	35.967	193.61
1304.2	9.275	35.967	193.74
1305.2	9.268	35.964	193.87
1306.2	9.272	35.961	194.0
1307.2	9.271	35.964	194.09
1308.2	9.251	35.968	194.16
1309.2	9.22	35.962	194.21
1310.2	9.209	35.954	194.26
1311.1	9.202	35.951	194.31
1312.1	9.197	35.949	194.38
1313.1	9.192	35.947	194.42
1314.1	9.19	35.947	194.45
1315.1	9.18	35.947	194.46
1316.1	9.164	35.946	194.45
1317.1	9.156	35.944	194.45
1318.1	9.154	35.941	194.46
1319.0	9.154	35.939	194.49
1320.0	9.153	35.94	194.52
1321.0	9.139	35.943	194.54
1322.0	9.12	35.942	194.56
1323.0	9.11	35.937	194.59
1324.0	9.11	35.934	194.65
1325.0	9.123	35.932	194.72
1325.9	9.123	35.935	194.81
1326.9	9.111	35.939	194.89
1327.9	9.098	35.934	194.96
1328.9	9.098	35.93	195.03
1329.9	9.098	35.93	195.1
1330.9	9.088	35.929	195.18
1331.9	9.079	35.926	195.27
1332.8	9.078	35.924	195.36
1333.8	9.026	35.919	195.42
1334.8	8.959	35.91	195.47
1335.8	8.956	35.905	195.5
1336.8	8.955	35.905	195.55
1337.8	8.951	35.905	195.6
1338.8	8.942	35.905	195.67
1339.7	8.934	35.902	195.74
1340.7	8.932	35.898	195.81
1341.7	8.929	35.9	195.85
1342.7	8.904	35.897	195.86
1343.7	8.889	35.891	195.85
1344.7	8.911	35.892	195.84
1345.7	8.932	35.898	195.83
1346.7	8.972	35.907	195.83
1347.6	9.046	35.923	195.81
1348.6	9.068	35.937	195.79
1349.6	9.04	35.94	195.75
1350.6	9.078	35.943	195.68
1351.6	9.16	35.959	195.6
1352.6	9.193	35.977	195.55
1353.6	9.182	35.981	195.53
1354.5	9.171	35.979	195.54
1355.5	9.163	35.976	195.58
1356.5	9.144	35.977	195.62
1357.5	9.073	35.979	195.67
1358.5	8.98	35.972	195.73
1359.5	8.96	35.951	195.81
1360.5	8.979	35.938	195.9
1361.4	9.007	35.94	196.01
1362.4	9.013	35.946	196.11
1363.4	9.01	35.952	196.2
1364.4	9.007	35.954	196.26
1365.4	9.012	35.954	196.31
1366.4	9.018	35.956	196.35
1367.4	9.022	35.958	196.38
1368.4	9.026	35.96	196.39
1369.3	9.029	35.961	196.38
1370.3	9.031	35.963	196.32
1371.3	9.026	35.964	196.25
1372.3	9.019	35.963	196.16
1373.3	9.02	35.961	196.08
1374.3	9.023	35.961	195.99
1375.3	9.02	35.962	195.9
1376.2	9.014	35.961	195.8
1377.2	9.008	35.96	195.69
1378.2	9.006	35.959	195.56
1379.2	9.005	35.958	195.42
1380.2			
1381.2			
1382.2			
1383.1			
1384.1			
1385.1			
1386.1			
1387.1			
1388.1			
1389.1			
1390.0			
1391.0			
1392.0			
1393.0			
1394.0			
1395.0			
1396.0			
1396.9			
1397.9			
1398.9			
1399.9			
1400.9			
1401.9			
1402.9			
1403.8			
1404.8			
1405.8			
1406.8			
1407.8			
1408.8			
1409.8			
1410.8			
1411.7			
1412.7			
1413.7			
1414.7			
1415.7			
1416.7			
1417.7			
1418.6			
1419.6			
1420.6			
1421.6			
1422.6			
1423.6			
1424.6			
1425.5			
1426.5			
1427.5			
1428.5			
1429.5			
1430.5			
1431.5			
1432.4			
1433.4			
1434.4			
1435.4			
1436.4			
1437.4			
1438.4			
1439.3			
1440.3			
1441.3			
1442.3			
1443.3			
1444.3			
1445.3			
1446.2			
1447.2			
1448.2			
1449.2			
1450.2			
1451.2			
1452.2			
1453.1			
1454.1			
1455.1			
1456.1			
1457.1			
1458.1			
1459.1			
1460.0			
1461.0			
1462.0			
1463.0			
1464.0			
1465.0			
1466.0			
1466.9			
1467.9			
1468.9			
1469.9			
1470.9			
1471.9			
1472.9			
1473.8			
1474.8			
1475.8			
1476.8			
1477.8			
1478.8			
1479.8			
1480.7			
1481.7			
1482.7			
1483.7			
1484.7			
1485.7			
1486.7			
1487.6			
1488.6			
1489.6			
1490.6			
1491.6			
1492.6			
1493.6			
1494.5			
1495.5			
1496.5			
1497.5			
1498.5			
1499.5			
1500.5			
1501.4			
1502.4			
1503.4			
1504.4			
1505.4			
1506.4			
1507.4			
1508.3			
1509.3			
1510.3			
1511.3			
1512.3			
1513.3			
1514.3			
1515.2			
1516.2			
1517.2			
1518.2			
1519.2			
1520.2			
1521.2			
1522.1			
1523.1			
1524.1			
1525.1			
1526.1			
1527.1			
1528.0			
1529.0			
1530.0			
1531.0			
1532.0			
1533.0			
1534.0			
1534.9			
1535.9			
1536.9			
1537.9			
1538.9			
1539.9			
1540.9			
1541.8			
1542.8			
1543.8			
1544.8			
1545.8			
1546.8			
1547.8			
1548.7			
1549.7			
1550.7			
1551.7			
1552.7			
1553.7			
1554.7			
1555.6			
1556.6			
1557.6			
1558.6			
1559.6			
1560.6			
1561.6			
1562.5			
1563.5			
1564.5			
1565.5			
1566.5			
1567.5			
1568.4			
1569.4			
1570.4			
1571.4			
1572.4			
1573.4			
1574.4			
1575.3			
1576.3			
1577.3			
1578.3			
1579.3			
1580.3			
1581.3			
1582.2			
1583.2			
1584.2			
1585.2			
1586.2			
1587.2			
1588.2			
1589.1			
1590.1			
1591.1			
1592.1			
1593.1			
1594.1			
1595.0			
1596.0			
1597.0			
1598.0			
1599.0			
1600.0			
1601.0			
1601.9			
1602.9			
1603.9			
1604.9			
1605.9			
1606.9			
1607.9			
1608.8			
1609.8			
1610.8			
1611.8			
1612.8			
1613.8			
1614.7			
1615.7			
1616.7			
1617.7			
1618.7			
1619.7			
1620.7			
1621.6			
1622.6			
1623.6			
1624.6			
1625.6			
1626.6			
1627.6			
1628.5			
1629.5			
1630.5			
1631.5			
1632.5			
1633.5			
1634.4			
1635.4			
1636.4			
1637.4			
1638.4			
1639.4			
1640.4			
1641.3			
1642.3			
1643.3			
1644.3			
1645.3			
1646.3			
1647.3			
1648.2			
1649.2			
1650.2			
1651.2			
1652.2			
1653.2			
1654.1			
1655.1			
1656.1			
1657.1			
1658.1			
1659.1			
1660.1			
1661.0			
1662.0			
1663.0			
1664.0			
1665.0			
1666.0			
1666.9			
1667.9			
1668.9			
1669.9			
1670.9			
1671.9			
1672.9			
1673.8			
1674.8			
1675.8			
1676.8			
1677.8			
1678.8			
1679.7			
1680.7			
1681.7			
1682.7			
1683.7			
1684.7			
1685.7			
1686.6			
1687.6			
1688.6			
1689.6			
1690.6			
1691.6			
1692.5			
1693.5			
1694.5			
1695.5			
1696.5			
1697.5			
1698.5			
1699.4			
1700.4			
1701.4			
1702.4			
1703.4			
1704.4			
1705.3			
1706.3			
1707.3			
1708.3			
1709.3			
1710.3			
1711.3			
1712.2			
1713.2			
1714.2			
1715.2			
1716.2			
1717.2			
1718.1			
1719.1			
1720.1			
1721.1			
1722.1			
1723.1			
1724.1			
1725.0			
1726.0			
1727.0			
1728.0			
1729.0			
1730.0			
1730.9			
1731.9			
1732.9			
1733.9			
1734.9			
1735.9			
1736.9			
1737.8			
1738.8			
1739.8			
1740.8			
1741.8			
1742.8			
1743.7			
1744.7			
1745.7			
1746.7			
1747.7			
1748.7			
1749.7			
1750.6			
1751.6			
1752.6			
1753.6			
1754.6			
1755.6			
1756.5			
1757.5			
1758.5			
1759.5			
1760.5			
1761.5			
1762.4			
1763.4			
1764.4			
1765.4			
1766.4			
1767.4			
1768.4			
1769.3			
1770.3			
1771.3			
1772.3			
1773.3			
1774.3			
1775.2			
1776.2			
1777.2			
1778.2			
1779.2			
1780.2			
1781.1			
1782.1			
1783.1			
1784.1			
1785.1			
1786.1			
1787.1			
1788.0			
1789.0			
1790.0			
1791.0			
1792.0			
1793.0			
1793.9			
1794.9			
1795.9			
1796.9			
1797.9			
1798.9			
1799.8			
1800.8			
1801.8			
1802.8			
1803.8			
1804.8			
1805.8			
1806.7			
1807.7			
1808.7			
1809.7			
1810.7			
1811.7			
1812.6			
1813.6			
1814.6			
1815.6			
1816.6			
1817.6			
1818.5			
1819.5			
1820.5			
1821.5			
1822.5			
1823.5			
1824.5			
1825.4			
1826.4			
1827.4			
1828.4			
1829.4			
1830.4			
1831.3			
1832.3			
1833.3			
1834.3			
1835.3			
1836.3			
1837.2			
1838.2			
1839.2			
1840.2			
1841.2			
1842.2			
1843.1			
1844.1			
1845.1			
1846.1			
1847.1			
1848.1			
1849.1			
1850.0			
1851.0			
1852.0			
1853.0			
1854.0			
1855.0			
1855.9			
1856.9			
1857.9			
1858.9			
1859.9			
1860.9			
1861.8			
1862.8			
1863.8			
1864.8			
1865.8			
1866.8			
1867.7			
1868.7			
1869.7			
1870.7			
1871.7			
1872.7			
1873.6			
1874.6			
1875.6			
1876.6			
1877.6			
1878.6			
1879.6			
1880.5			
1881.5			
1882.5			
1883.5			
1884.5			
1885.5			
1886.4			
1887.4			
1888.4			
1889.4			
1890.4			
1891.4			
1892.3			
1893.3			
1894.3			
1895.3			
1896.3			
1897.3			
1898.2			
1899.2			
1900.2			
1901.2			
1902.2			
1903.2			
1904.1			
1905.1			
1906.1			
1907.1			
1908.1			
1909.1			
1910.0			
1911.0			
1912.0			
1913.0			
1914.0			
1915.0			
1915.9			
1916.9			
1917.9			
1918.9			
1919.9			
1920.9			
1921.8			
1922.8			
1923.8			
1924.8			
1925.8			
1926.8			
1927.8			
1928.7			
1929.7			
1930.7			
1931.7			
1932.7			
1933.7			
1934.6			
1935.6			
1936.6			
1937.6			
1938.6			
1939.6			
1940.5			
1941.5			
1942.5			
1943.5			
1944.5			
1945.5			
1946.4			
1947.4			
1948.4			
1949.4			
1950.4			
1951.4			
1952.3			
1953.3			
1954.3			
1955.3			
1956.3			
1957.3			
1958.2			
1959.2			
1960.2			
1961.2			
1962.2			
1963.2			
1964.1			
1965.1			
1966.1			
1967.1			
1968.1			
1969.1			
1970.0			
1971.0			
1972.0			
1973.0			
1974.0			
1975.0			
1975.9			
1976.9			
1977.9			
1978.9			
1979.9			
1980.9			
1981.8			
1982.8			
1983.8			
1984.8			
1985.8			
1986.8			
1987.7			
1988.7			
1989.7			
1990.7			
1991.7			
1992.7			
1993.6			
1994.6			
1995.6			
1996.6			
1997.6			
1998.6			
1999.5			
2000.5			
2001.5			
2002.5			
2003.5			
2004.5			
2005.4			
2006.4			
2007.4			
2008.4			
2009.4			
2010.4			
2011.3			
2012.3			
2013.3			
2014.3			
2015.3			
2016.3			
2017.2			
2018.2			
2019.2			
2020.2			
2021.2			
2022.2			
2023.1			
2024.1			
2025.1			
2026.1			
2027.1			
2028.0			
2029.0			
2030.0			
2031.0			
2032.0			
2033.0			
2033.9			
2034.9			
2035.9			
2036.9			
2037.9			
2038.9			
2039.8			
2040.8			
2041.8			
2042.8			
2043.8			
2044.8			
2045.7			
2046.7			
2047.7			
2048.7			
2049.7			
2050.7			
2051.6			
2052.6			
2053.6			
2054.6			
2055.6			
2056.6			
2057.5			
2058.5			
2059.5			
2060.5			
2061.5			
2062.5			
2063.4			
2064.4			
2065.4			
2066.4			
2067.4			
2068.4			
2069.3			
2070.3			
2071.3			
2072.3			
2073.3			
2074.3			
2075.2			
2076.2			
2077.2			
2078.2			
2079.2			
2080.1			
2081.1			
2082.1			
2083.1			
2084.1			
2085.1			
2086.0			
2087.0			
2088.0			
2089.0			
2090.0			
2091.0			
2091.9			
2092.9			
2093.9			
2094.9			
2095.9			
2096.9			
2097.8			
2098.8			
2099.8			
2100.8			
2101.8			
2102.8			
2103.7			
2104.7			
2105.7			
2106.7			
2107.7			
2108.6			
2109.6			
2110.6			
2111.6			
2112.6			
2113.6			
2114.5			
2115.5			
2116.5			
2117.5			
2118.5			
2119.5			
2120.4			
2121.4			
2122.4			
2123.4			
2124.4			
2125.4			
2126.3			
2127.3			
2128.3			
2129.3			
2130.3			
2131.2			
2132.2			
2133.2			
2134.2			
2135.2			
2136.2			
2137.1			
2138.1			
2139.1			
2140.1			
2141.1			
2142.1			
2143.0			
2144.0			
2145.0			
2146.0			
2147.0			
