Depth [m]	Temperature [degC]	Salinity [PSU]	Oxygen [umol/kg]
1.0	21.448	36.604	233.82
2.0	21.448	36.604	232.92
3.0	21.448	36.604	232.02
4.0	21.448	36.604	231.12
5.0	21.448	36.604	230.22
6.0	21.447	36.604	229.33
6.9	21.446	36.604	228.54
7.9	21.447	36.604	227.87
8.9	21.449	36.604	227.31
9.9	21.45	36.604	226.85
10.9	21.451	36.604	226.51
11.9	21.452	36.604	226.26
12.9	21.455	36.604	226.11
13.9	21.455	36.604	226.08
14.9	21.452	36.605	226.17
15.9	21.445	36.606	226.39
16.9	21.439	36.605	226.73
17.9	21.436	36.605	227.16
18.9	21.432	36.605	227.64
19.9	21.415	36.607	228.19
20.8	21.378	36.607	228.8
21.8	21.339	36.605	229.49
22.8	21.308	36.603	230.29
23.8	21.283	36.603	231.22
24.8	21.229	36.605	232.29
25.8	21.144	36.606	233.49
26.8	21.059	36.601	234.82
27.8	20.917	36.602	236.28
28.8	20.649	36.605	237.86
29.8	20.21	36.578	239.55
30.8	19.717	36.55	241.31
31.8	19.158	36.54	243.11
32.8	18.686	36.497	244.89
33.7	18.551	36.455	246.6
34.7	18.456	36.436	248.21
35.7	18.376	36.432	249.68
36.7	18.275	36.435	250.98
37.7	18.148	36.435	252.1
38.7	18.025	36.422	253.03
39.7	17.942	36.405	253.76
40.7	17.865	36.399	254.3
41.7	17.781	36.396	254.64
42.7	17.69	36.394	254.8
43.7	17.579	36.393	254.83
44.7	17.469	36.383	254.76
45.7	17.394	36.37	254.58
46.7	17.351	36.364	254.3
47.6	17.315	36.362	253.96
48.6	17.28	36.359	253.56
49.6	17.248	36.356	253.12
50.6	17.2	36.356	252.63
51.6	17.134	36.358	252.12
52.6	17.064	36.356	251.6
53.6	17.009	36.348	251.07
54.6	16.986	36.338	250.51
55.6	16.974	36.335	249.9
56.6	16.94	36.336	249.24
57.6	16.888	36.337	248.55
58.6	16.832	36.335	247.84
59.6	16.769	36.332	247.09
60.5	16.703	36.327	246.31
61.5	16.636	36.32	245.49
62.5	16.56	36.31	244.62
63.5	16.499	36.3	243.71
64.5	16.464	36.293	242.77
65.5	16.433	36.29	241.81
66.5	16.406	36.288	240.86
67.5	16.383	36.285	239.91
68.5	16.364	36.281	238.97
69.5	16.349	36.278	238.03
70.5	16.329	36.277	237.07
71.5	16.291	36.276	236.11
72.5	16.234	36.273	235.14
73.4	16.181	36.265	234.17
74.4	16.146	36.256	233.19
75.4	16.131	36.249	232.2
76.4	16.119	36.248	231.2
77.4	16.088	36.247	230.2
78.4	16.061	36.24	229.19
79.4	16.049	36.236	228.19
80.4	16.026	36.235	227.19
81.4	15.984	36.233	226.22
82.4	15.923	36.229	225.27
83.4	15.854	36.22	224.34
84.4	15.813	36.208	223.43
85.4	15.794	36.201	222.55
86.3	15.767	36.197	221.69
87.3	15.729	36.193	220.86
88.3	15.667	36.189	220.06
89.3	15.611	36.179	219.29
90.3	15.582	36.168	218.57
91.3	15.554	36.162	217.88
92.3	15.511	36.157	217.21
93.3	15.47	36.148	216.54
94.3	15.447	36.14	215.88
95.3	15.437	36.137	215.24
96.3	15.426	36.135	214.59
97.3	15.413	36.135	213.91
98.3	15.385	36.134	213.19
99.2	15.345	36.127	212.45
100.2	15.319	36.118	211.69
101.2	15.315	36.114	210.9
102.2	15.311	36.114	210.11
103.2	15.3	36.113	209.35
104.2	15.284	36.11	208.65
105.2	15.263	36.106	208.0
106.2	15.243	36.103	207.42
107.2	15.232	36.101	206.96
108.2	15.214	36.099	206.64
109.2	15.184	36.095	206.46
110.2	15.168	36.093	206.39
111.2	15.153	36.09	206.43
112.1	15.133	36.088	206.53
113.1	15.105	36.088	206.69
114.1	15.083	36.081	206.89
115.1	15.076	36.075	207.12
116.1	15.072	36.073	207.35
117.1	15.063	36.072	207.56
118.1	15.055	36.07	207.72
119.1	15.038	36.07	207.81
120.1	15.01	36.069	207.85
121.1	14.98	36.065	207.86
122.1	14.948	36.06	207.83
123.1	14.918	36.054	207.78
124.0	14.9	36.047	207.72
125.0	14.892	36.044	207.64
126.0	14.88	36.042	207.53
127.0	14.864	36.04	207.38
128.0	14.854	36.036	207.22
129.0	14.85	36.035	207.07
130.0	14.845	36.035	206.95
131.0	14.834	36.035	206.84
132.0	14.817	36.034	206.73
133.0	14.798	36.03	206.6
134.0	14.781	36.027	206.45
135.0	14.768	36.023	206.27
136.0	14.756	36.021	206.09
136.9	14.742	36.022	205.94
137.9	14.71	36.023	205.84
138.9	14.663	36.02	205.8
139.9	14.632	36.008	205.77
140.9	14.618	36.001	205.72
141.9	14.604	35.998	205.64
142.9	14.588	35.996	205.57
143.9	14.57	35.995	205.52
144.9	14.546	35.993	205.52
145.9	14.518	35.989	205.55
146.9	14.502	35.983	205.6
147.9	14.498	35.979	205.63
148.8	14.493	35.978	205.63
149.8	14.483	35.978	205.59
150.8	14.465	35.978	205.55
151.8	14.447	35.975	205.52
152.8	14.428	35.972	205.49
153.8	14.404	35.969	205.46
154.8	14.378	35.965	205.41
155.8	14.355	35.962	205.34
156.8	14.328	35.959	205.25
157.8	14.307	35.954	205.16
158.8	14.299	35.949	205.07
159.8	14.29	35.948	204.99
160.8	14.276	35.947	204.91
161.7	14.256	35.946	204.81
162.7	14.232	35.945	204.71
163.7	14.206	35.941	204.62
164.7	14.184	35.937	204.55
165.7	14.172	35.932	204.49
166.7	14.159	35.929	204.44
167.7	14.141	35.929	204.38
168.7	14.112	35.927	204.29
169.7	14.091	35.921	204.2
170.7	14.085	35.918	204.12
171.7	14.079	35.917	204.04
172.7	14.07	35.916	203.99
173.6	14.056	35.915	203.94
174.6	14.036	35.913	203.88
175.6	14.015	35.911	203.79
176.6	13.993	35.908	203.66
177.6	13.969	35.904	203.52
178.6	13.95	35.903	203.42
179.6	13.924	35.9	203.36
180.6	13.903	35.896	203.32
181.6	13.891	35.891	203.31
182.6	13.886	35.888	203.28
183.6	13.879	35.888	203.22
184.6	13.869	35.887	203.14
185.5	13.858	35.887	203.07
186.5	13.841	35.887	203.05
187.5	13.808	35.887	203.06
188.5	13.777	35.88	203.1
189.5	13.765	35.872	203.1
190.5	13.762	35.871	203.07
191.5	13.755	35.871	202.98
192.5	13.743	35.87	202.85
193.5	13.731	35.869	202.73
194.5	13.717	35.868	202.64
195.5	13.7	35.866	202.6
196.5	13.686	35.862	202.58
197.5	13.679	35.859	202.54
198.4	13.674	35.858	202.47
199.4	13.664	35.858	202.38
200.4	13.647	35.859	202.31
201.4	13.63	35.856	202.28
202.4	13.621	35.853	202.29
203.4	13.608	35.852	202.34
204.4	13.587	35.851	202.4
205.4	13.568	35.847	202.42
206.4	13.552	35.844	202.41
207.4	13.533	35.842	202.35
208.4	13.51	35.84	202.28
209.4	13.49	35.837	202.2
210.3	13.474	35.833	202.13
211.3	13.467	35.83	202.07
212.3	13.464	35.83	202.01
213.3	13.457	35.829	201.95
214.3	13.446	35.829	201.86
215.3	13.432	35.828	201.76
216.3	13.417	35.827	201.67
217.3	13.401	35.825	201.61
218.3	13.386	35.823	201.57
219.3	13.38	35.82	201.56
220.3	13.374	35.818	201.57
221.3	13.368	35.817	201.57
222.2	13.358	35.817	201.56
223.2	13.344	35.816	201.5
224.2	13.329	35.815	201.43
225.2	13.318	35.814	201.35
226.2	13.311	35.814	201.27
227.2	13.307	35.814	201.18
228.2	13.304	35.813	201.08
229.2	13.3	35.813	200.97
230.2	13.292	35.814	200.85
231.2	13.281	35.813	200.71
232.2	13.269	35.811	200.56
233.2	13.261	35.81	200.43
234.1	13.257	35.809	200.32
235.1	13.252	35.809	200.25
236.1	13.246	35.809	200.2
237.1	13.239	35.808	200.15
238.1	13.235	35.807	200.1
239.1	13.23	35.807	200.04
240.1	13.223	35.806	199.97
241.1	13.216	35.805	199.9
242.1	13.21	35.805	199.84
243.1	13.204	35.805	199.79
244.1	13.194	35.804	199.72
245.0	13.179	35.803	199.64
246.0	13.164	35.801	199.53
247.0	13.147	35.799	199.43
248.0	13.129	35.797	199.36
249.0	13.115	35.794	199.32
250.0	13.105	35.792	199.32
251.0	13.096	35.791	199.33
252.0	13.084	35.79	199.37
253.0	13.075	35.789	199.42
254.0	13.068	35.787	199.51
255.0	13.061	35.787	199.62
256.0	13.051	35.787	199.76
256.9	13.032	35.787	199.91
257.9	13.011	35.784	200.06
258.9	13.001	35.78	200.19
259.9	12.999	35.778	200.29
260.9	12.997	35.778	200.38
261.9	12.992	35.778	200.48
262.9	12.984	35.778	200.58
263.9	12.974	35.777	200.67
264.9	12.965	35.776	200.75
265.9	12.955	35.775	200.82
266.9	12.944	35.773	200.88
267.9	12.935	35.771	200.93
268.8	12.926	35.77	200.97
269.8	12.917	35.769	201.02
270.8	12.911	35.768	201.08
271.8	12.907	35.767	201.12
272.8	12.902	35.766	201.15
273.8	12.896	35.766	201.17
274.8	12.889	35.765	201.17
275.8	12.881	35.764	201.17
276.8	12.872	35.764	201.16
277.8	12.863	35.763	201.15
278.8	12.854	35.762	201.14
279.7	12.842	35.761	201.12
280.7	12.828	35.759	201.1
281.7	12.813	35.757	201.08
282.7	12.802	35.755	201.05
283.7	12.794	35.754	201.03
284.7	12.785	35.753	201.02
285.7	12.775	35.752	201.0
286.7	12.768	35.75	200.98
287.7	12.766	35.749	200.96
288.7	12.763	35.749	200.95
289.7	12.759	35.748	200.94
290.7	12.752	35.749	200.93
291.6	12.743	35.748	200.92
292.6	12.733	35.747	200.91
293.6	12.723	35.746	200.91
294.6	12.714	35.744	200.9
295.6	12.707	35.743	200.9
296.6	12.702	35.742	200.88
297.6	12.696	35.741	200.88
298.6	12.69	35.74	200.87
299.6	12.683	35.74	200.87
300.6	12.677	35.739	200.87
301.6	12.673	35.737	200.87
302.5	12.67	35.737	200.86
303.5	12.662	35.738	200.86
304.5	12.649	35.737	200.86
305.5	12.637	35.735	200.86
306.5	12.626	35.734	200.86
307.5	12.616	35.732	200.86
308.5	12.609	35.731	200.86
309.5	12.602	35.729	200.85
310.5	12.593	35.729	200.83
311.5	12.578	35.729	200.81
312.5	12.561	35.727	200.79
313.5	12.553	35.724	200.77
314.4	12.548	35.723	200.74
315.4	12.54	35.722	200.71
316.4	12.534	35.721	200.68
317.4	12.53	35.72	200.63
318.4	12.524	35.72	200.58
319.4	12.514	35.72	200.53
320.4	12.503	35.72	200.48
321.4	12.495	35.718	200.45
322.4	12.487	35.717	200.41
323.4	12.477	35.716	200.37
324.4	12.466	35.715	200.33
325.3	12.457	35.713	200.28
326.3	12.448	35.712	200.24
327.3	12.44	35.711	200.21
328.3	12.436	35.71	200.18
329.3	12.432	35.71	200.16
330.3	12.426	35.71	200.15
331.3	12.419	35.709	200.14
332.3	12.411	35.709	200.12
333.3	12.404	35.708	200.1
334.3	12.398	35.707	200.09
335.3	12.394	35.706	200.09
336.2	12.388	35.706	200.09
337.2	12.379	35.706	200.09
338.2	12.371	35.704	200.08
339.2	12.363	35.704	200.08
340.2	12.351	35.703	200.07
341.2	12.338	35.702	200.05
342.2	12.327	35.7	200.03
343.2	12.319	35.699	200.01
344.2	12.312	35.698	199.99
345.2	12.307	35.697	199.97
346.2	12.303	35.696	199.94
347.1	12.299	35.695	199.92
348.1	12.294	35.695	199.89
349.1	12.286	35.695	199.86
350.1	12.277	35.695	199.83
351.1	12.269	35.694	199.8
352.1	12.262	35.693	199.76
353.1	12.254	35.692	199.71
354.1	12.247	35.692	199.66
355.1	12.242	35.691	199.6
356.1	12.238	35.69	199.54
357.1	12.234	35.69	199.48
358.0	12.228	35.69	199.42
359.0	12.218	35.689	199.35
360.0	12.202	35.689	199.28
361.0	12.185	35.687	199.21
362.0	12.178	35.684	199.15
363.0	12.175	35.682	199.12
364.0	12.172	35.682	199.09
365.0	12.166	35.682	199.06
366.0	12.159	35.682	199.04
367.0	12.153	35.681	199.01
368.0	12.15	35.68	198.98
368.9	12.147	35.68	198.95
369.9	12.142	35.68	198.93
370.9	12.139	35.679	198.9
371.9	12.13	35.679	198.87
372.9	12.115	35.678	198.81
373.9	12.1	35.676	198.74
374.9	12.088	35.675	198.66
375.9	12.08	35.674	198.58
376.9	12.075	35.674	198.5
377.9	12.068	35.673	198.44
378.9	12.061	35.673	198.38
379.8	12.055	35.672	198.32
380.8	12.051	35.671	198.26
381.8	12.048	35.671	198.2
382.8	12.043	35.671	198.14
383.8	12.038	35.671	198.1
384.8	12.037	35.67	198.07
385.8	12.036	35.671	198.05
386.8	12.035	35.671	198.04
387.8	12.031	35.671	198.02
388.8	12.025	35.671	197.99
389.8	12.019	35.67	197.97
390.7	12.013	35.669	197.94
391.7	12.008	35.669	197.93
392.7	12.004	35.668	197.92
393.7	12.001	35.668	197.92
394.7	11.998	35.668	197.92
395.7	11.995	35.667	197.91
396.7	11.99	35.667	197.91
397.7	11.983	35.667	197.9
398.7	11.973	35.666	197.88
399.7	11.963	35.666	197.87
400.7	11.955	35.665	197.85
401.6	11.944	35.665	197.83
402.6	11.934	35.664	197.81
403.6	11.927	35.662	197.78
404.6	11.924	35.662	197.74
405.6	11.922	35.661	197.69
406.6	11.92	35.661	197.65
407.6	11.915	35.662	197.59
408.6	11.904	35.662	197.55
409.6	11.891	35.662	197.5
410.6	11.88	35.661	197.46
411.6	11.871	35.659	197.41
412.5	11.865	35.658	197.37
413.5	11.863	35.657	197.32
414.5	11.862	35.657	197.26
415.5	11.859	35.658	197.21
416.5	11.852	35.658	197.16
417.5	11.845	35.658	197.12
418.5	11.84	35.657	197.08
419.5	11.836	35.656	197.03
420.5	11.833	35.656	196.98
421.5	11.829	35.656	196.93
422.5	11.825	35.657	196.87
423.4	11.822	35.657	196.82
424.4	11.82	35.656	196.78
425.4	11.818	35.657	196.74
426.4	11.814	35.657	196.7
427.4	11.81	35.657	196.65
428.4	11.807	35.656	196.58
429.4	11.805	35.657	196.5
430.4	11.804	35.657	196.41
431.4	11.804	35.657	196.31
432.4	11.803	35.658	196.22
433.3	11.799	35.659	196.11
434.3	11.796	35.659	196.0
435.3	11.795	35.658	195.89
436.3	11.794	35.658	195.77
437.3	11.792	35.659	195.64
438.3	11.788	35.661	195.53
439.3	11.785	35.661	195.45
440.3	11.784	35.662	195.4
441.3	11.782	35.662	195.37
442.3	11.781	35.663	195.35
443.3	11.781	35.664	195.32
444.2	11.782	35.667	195.31
445.2	11.782	35.669	195.31
446.2	11.781	35.67	195.31
447.2	11.782	35.67	195.32
448.2	11.783	35.672	195.34
449.2	11.785	35.674	195.35
450.2	11.789	35.677	195.34
451.2	11.792	35.68	195.32
452.2	11.793	35.682	195.29
453.2	11.79	35.683	195.27
454.2	11.784	35.684	195.24
455.1	11.773	35.684	195.22
456.1	11.762	35.683	195.19
457.1	11.752	35.682	195.15
458.1	11.742	35.682	195.11
459.1	11.732	35.681	195.05
460.1	11.725	35.68	194.96
461.1	11.722	35.679	194.84
462.1	11.724	35.679	194.7
463.1	11.728	35.682	194.55
464.1	11.729	35.686	194.38
465.0	11.731	35.69	194.2
466.0	11.734	35.693	194.01
467.0	11.734	35.695	193.82
468.0	11.731	35.695	193.62
469.0	11.727	35.695	193.43
470.0	11.724	35.695	193.26
471.0	11.722	35.695	193.15
472.0	11.72	35.695	193.1
473.0	11.718	35.695	193.09
474.0	11.717	35.695	193.11
475.0	11.714	35.695	193.12
475.9	11.711	35.696	193.13
476.9	11.707	35.697	193.12
477.9	11.703	35.697	193.1
478.9	11.7	35.698	193.08
479.9	11.696	35.699	193.06
480.9	11.69	35.7	193.03
481.9	11.687	35.7	192.96
482.9	11.688	35.701	192.86
483.9	11.69	35.702	192.73
484.9	11.692	35.703	192.59
485.8	11.697	35.706	192.48
486.8	11.698	35.711	192.41
487.8	11.694	35.714	192.37
488.8	11.694	35.714	192.36
489.8	11.696	35.715	192.37
490.8	11.695	35.716	192.38
491.8	11.692	35.716	192.4
492.8	11.688	35.716	192.42
493.8	11.681	35.716	192.45
494.8	11.677	35.715	192.48
495.7	11.675	35.714	192.5
496.7	11.671	35.714	192.5
497.7	11.664	35.714	192.48
498.7	11.657	35.715	192.44
499.7	11.65	35.715	192.39
500.7	11.642	35.714	192.32
501.7	11.635	35.713	192.24
502.7	11.629	35.712	192.16
503.7	11.62	35.713	192.08
504.7	11.613	35.712	192.01
505.7	11.609	35.712	191.95
506.6	11.607	35.712	191.9
507.6	11.603	35.712	191.84
508.6	11.598	35.713	191.79
509.6	11.593	35.712	191.74
510.6	11.59	35.711	191.7
511.6	11.581	35.711	191.65
512.6	11.569	35.71	191.62
513.6	11.564	35.709	191.58
514.6	11.567	35.71	191.54
515.6	11.57	35.712	191.49
516.5	11.57	35.714	191.44
517.5	11.562	35.715	191.38
518.5	11.552	35.714	191.32
519.5	11.549	35.712	191.26
520.5	11.552	35.713	191.19
521.5	11.551	35.716	191.13
522.5	11.548	35.718	191.06
523.5	11.546	35.719	190.99
524.5	11.543	35.72	190.92
525.5	11.536	35.721	190.85
526.4	11.523	35.721	190.77
527.4	11.514	35.72	190.69
528.4	11.516	35.719	190.62
529.4	11.524	35.722	190.56
530.4	11.53	35.726	190.5
531.4	11.531	35.728	190.44
532.4	11.531	35.729	190.38
533.4	11.53	35.729	190.32
534.4	11.53	35.729	190.27
535.4	11.53	35.731	190.22
536.3	11.529	35.733	190.17
537.3	11.529	35.735	190.13
538.3	11.531	35.736	190.08
539.3	11.531	35.738	190.03
540.3	11.532	35.74	189.98
541.3	11.533	35.743	189.92
542.3	11.534	35.744	189.86
543.3	11.534	35.746	189.81
544.3	11.533	35.747	189.75
545.3	11.531	35.747	189.68
546.2	11.525	35.748	189.61
547.2	11.515	35.749	189.55
548.2	11.507	35.748	189.49
549.2	11.51	35.747	189.43
550.2	11.515	35.75	189.38
551.2	11.515	35.753	189.33
552.2	11.515	35.754	189.27
553.2	11.518	35.756	189.22
554.2	11.52	35.76	189.18
555.2	11.512	35.763	189.14
556.1	11.501	35.763	189.1
557.1	11.495	35.761	189.06
558.1	11.493	35.761	189.01
559.1	11.491	35.762	188.96
560.1	11.485	35.763	188.9
561.1	11.469	35.764	188.85
562.1	11.448	35.762	188.79
563.1	11.427	35.757	188.73
564.1	11.412	35.754	188.67
565.1	11.408	35.752	188.6
566.0	11.407	35.752	188.53
567.0	11.406	35.753	188.45
568.0	11.403	35.755	188.37
569.0	11.396	35.756	188.29
570.0	11.387	35.756	188.22
571.0	11.375	35.755	188.15
572.0	11.363	35.753	188.07
573.0	11.356	35.751	188.0
574.0	11.357	35.751	187.92
575.0	11.363	35.753	187.84
575.9	11.367	35.756	187.76
576.9	11.367	35.757	187.69
577.9	11.364	35.758	187.62
578.9	11.358	35.758	187.56
579.9	11.352	35.757	187.5
580.9	11.342	35.757	187.43
581.9	11.33	35.756	187.37
582.9	11.32	35.755	187.29
583.9	11.316	35.755	187.22
584.9	11.315	35.755	187.14
585.8	11.315	35.756	187.07
586.8	11.315	35.756	186.99
587.8	11.316	35.757	186.91
588.8	11.318	35.759	186.82
589.8	11.32	35.761	186.73
590.8	11.321	35.764	186.64
591.8	11.32	35.767	186.54
592.8	11.319	35.768	186.44
593.8	11.319	35.769	186.33
594.8	11.319	35.769	186.22
595.7	11.318	35.769	186.12
596.7	11.316	35.77	186.01
597.7	11.312	35.772	185.91
598.7	11.31	35.774	185.81
599.7	11.31	35.777	185.7
600.7	11.311	35.78	185.56
601.7	11.311	35.781	185.39
602.7	11.312	35.782	185.2
603.7	11.312	35.784	185.01
604.7	11.31	35.785	184.81
605.6	11.309	35.786	184.61
606.6	11.308	35.786	184.41
607.6	11.308	35.787	184.21
608.6	11.308	35.787	184.0
609.6	11.307	35.787	183.81
610.6	11.31	35.787	183.64
611.6	11.314	35.789	183.53
612.6	11.317	35.792	183.49
613.6	11.318	35.794	183.51
614.5	11.318	35.795	183.57
615.5	11.317	35.795	183.64
616.5	11.315	35.796	183.72
617.5	11.311	35.797	183.82
618.5	11.304	35.798	183.93
619.5	11.298	35.799	184.03
620.5	11.297	35.801	184.14
621.5	11.296	35.804	184.23
622.5	11.292	35.806	184.28
623.5	11.287	35.808	184.3
624.4	11.288	35.809	184.28
625.4	11.288	35.809	184.24
626.4	11.288	35.809	184.18
627.4	11.288	35.809	184.11
628.4	11.289	35.81	184.04
629.4	11.292	35.813	183.97
630.4	11.295	35.816	183.89
631.4	11.297	35.819	183.82
632.4	11.3	35.82	183.73
633.4	11.304	35.822	183.65
634.3	11.311	35.824	183.57
635.3	11.319	35.828	183.48
636.3	11.326	35.834	183.41
637.3	11.329	35.838	183.35
638.3	11.332	35.841	183.3
639.3	11.335	35.844	183.25
640.3	11.338	35.848	183.2
641.3	11.342	35.851	183.16
642.3	11.346	35.853	183.13
643.3	11.351	35.855	183.11
644.2	11.357	35.859	183.1
645.2	11.361	35.863	183.11
646.2	11.363	35.867	183.12
647.2	11.365	35.87	183.14
648.2	11.367	35.872	183.16
649.2	11.369	35.874	183.17
650.2	11.372	35.875	183.18
651.2	11.373	35.876	183.2
652.2	11.375	35.877	183.22
653.1	11.377	35.879	183.23
654.1	11.379	35.882	183.24
655.1	11.38	35.884	183.24
656.1	11.38	35.887	183.24
657.1	11.38	35.888	183.22
658.1	11.382	35.889	183.2
659.1	11.384	35.891	183.18
660.1	11.386	35.893	183.16
661.1	11.389	35.895	183.14
662.1	11.39	35.898	183.12
663.0	11.391	35.899	183.1
664.0	11.392	35.9	183.07
665.0	11.392	35.901	183.04
666.0	11.392	35.903	183.01
667.0	11.393	35.905	182.99
668.0	11.393	35.908	182.98
669.0	11.393	35.909	182.97
670.0	11.392	35.91	182.95
671.0	11.392	35.911	182.92
671.9	11.392	35.911	182.87
672.9	11.392	35.911	182.82
673.9	11.391	35.911	182.77
674.9	11.389	35.912	182.71
675.9	11.387	35.912	182.66
676.9	11.385	35.912	182.61
677.9	11.383	35.912	182.54
678.9	11.378	35.913	182.46
679.9	11.367	35.915	182.37
680.9	11.354	35.914	182.29
681.8	11.337	35.914	182.22
682.8	11.31	35.912	182.15
683.8	11.281	35.904	182.09
684.8	11.274	35.9	182.03
685.8	11.275	35.9	181.97
686.8	11.286	35.902	181.9
687.8	11.303	35.91	181.83
688.8	11.311	35.916	181.76
689.8	11.308	35.918	181.69
690.7	11.302	35.918	181.63
691.7	11.29	35.918	181.57
692.7	11.27	35.916	181.5
693.7	11.251	35.911	181.44
694.7	11.237	35.906	181.37
695.7	11.225	35.903	181.29
696.7	11.212	35.9	181.21
697.7	11.201	35.898	181.12
698.7	11.199	35.895	181.03
699.6	11.224	35.895	180.95
700.6	11.254	35.906	180.87
701.6	11.238	35.921	180.8
702.6	11.195	35.921	180.73
703.6	11.164	35.909	180.68
704.6	11.163	35.904	180.64
705.6	11.187	35.906	180.61
706.6	11.227	35.918	180.6
707.6	11.26	35.929	180.6
708.6	11.285	35.941	180.61
709.5	11.296	35.948	180.62
710.5	11.289	35.951	180.64
711.5	11.264	35.95	180.65
712.5	11.233	35.944	180.65
713.5	11.194	35.94	180.63
714.5	11.161	35.934	180.6
715.5	11.147	35.926	180.54
716.5	11.141	35.923	180.47
717.5	11.141	35.921	180.38
718.4	11.146	35.922	180.3
719.4	11.148	35.923	180.22
720.4	11.16	35.923	180.16
721.4	11.186	35.93	180.1
722.4	11.2	35.94	180.06
723.4	11.193	35.947	180.03
724.4	11.178	35.946	179.99
725.4	11.167	35.943	179.97
726.4	11.161	35.941	179.94
727.3	11.156	35.941	179.93
728.3	11.148	35.941	179.92
729.3	11.139	35.94	179.91
730.3	11.132	35.938	179.88
731.3	11.129	35.936	179.85
732.3	11.13	35.935	179.8
733.3	11.133	35.937	179.75
734.3	11.134	35.939	179.7
735.3	11.121	35.942	179.66
736.3	11.097	35.94	179.63
737.2	11.076	35.933	179.61
738.2	11.071	35.928	179.59
739.2	11.081	35.927	179.57
740.2	11.102	35.932	179.54
741.2	11.121	35.941	179.52
742.2	11.128	35.946	179.51
743.2	11.131	35.949	179.52
744.2	11.123	35.952	179.53
745.2	11.106	35.951	179.53
746.1	11.106	35.946	179.53
747.1	11.131	35.95	179.54
748.1	11.153	35.958	179.56
749.1	11.166	35.965	179.59
750.1	11.17	35.97	179.63
751.1	11.165	35.972	179.67
752.1	11.152	35.973	179.71
753.1	11.134	35.97	179.74
754.1	11.123	35.967	179.75
755.0	11.105	35.966	179.75
756.0	11.082	35.964	179.73
757.0	11.051	35.96	179.7
758.0	11.023	35.955	179.64
759.0	10.993	35.948	179.55
760.0	10.966	35.944	179.43
761.0	10.949	35.939	179.31
762.0	10.947	35.935	179.18
763.0	10.953	35.936	179.06
763.9	10.967	35.938	178.94
764.9	10.989	35.946	178.82
765.9	11.008	35.955	178.71
766.9	11.019	35.961	178.61
767.9	11.025	35.965	178.53
768.9	11.019	35.967	178.47
769.9	11.006	35.967	178.43
770.9	10.994	35.963	178.41
771.9	10.99	35.962	178.4
772.8	10.989	35.962	178.37
773.8	10.991	35.961	178.34
774.8	11.003	35.961	178.32
775.8	11.02	35.967	178.29
776.8	11.032	35.975	178.27
777.8	11.039	35.979	178.27
778.8	11.043	35.983	178.26
779.8	11.043	35.985	178.26
780.8	11.045	35.986	178.26
781.7	11.052	35.989	178.26
782.7	11.056	35.991	178.27
783.7	11.058	35.993	178.29
784.7	11.058	35.993	178.31
785.7	11.055	35.993	178.35
786.7	11.053	35.993	178.4
787.7	11.05	35.993	178.45
788.7	11.04	35.993	178.5
789.7	11.034	35.991	178.54
790.6	11.032	35.989	178.59
791.6	11.028	35.989	178.64
792.6	11.024	35.989	178.69
793.6	11.022	35.989	178.75
794.6	11.021	35.989	178.8
795.6	11.018	35.99	178.84
796.6	11.011	35.99	178.88
797.6	11.004	35.989	178.89
798.6	10.994	35.988	178.9
799.5	10.987	35.987	178.87
800.5	10.978	35.987	178.8
801.5	10.96	35.987	178.71
802.5	10.935	35.983	178.61
803.5	10.924	35.978	178.49
804.5	10.923	35.975	178.36
805.5	10.929	35.975	178.24
806.5	10.957	35.98	178.1
807.5	10.981	35.988	177.96
808.4	11.029	36.003	177.82
809.4	11.061	36.014	177.68
810.4	11.06	36.019	177.59
811.4	11.054	36.02	177.55
812.4	11.038	36.019	177.55
813.4	11.028	36.016	177.57
814.4	11.035	36.014	177.61
815.4	11.041	36.016	177.65
816.4	11.042	36.017	177.69
817.3	11.034	36.018	177.74
818.3	11.022	36.017	177.81
819.3	11.013	36.014	177.89
820.3	11.007	36.012	177.97
821.3	11.002	36.01	178.04
822.3	10.996	36.009	178.09
823.3	10.989	36.007	178.11
824.3	10.957	36.005	178.09
825.3	10.923	36.0	178.04
826.2	10.873	35.99	177.97
827.2	10.832	35.989	177.88
828.2	10.775	35.983	177.77
829.2	10.752	35.969	177.67
830.2	10.733	35.959	177.55
831.2	10.725	35.954	177.43
832.2	10.716	35.952	177.3
833.2	10.7	35.951	177.16
834.2	10.688	35.948	177.01
835.1	10.686	35.947	176.88
836.1	10.682	35.95	176.78
837.1	10.675	35.951	176.72
838.1	10.67	35.949	176.68
839.1	10.666	35.948	176.65
840.1	10.663	35.947	176.6
841.1	10.661	35.947	176.55
842.1	10.658	35.947	176.5
843.1	10.654	35.947	176.44
844.0	10.65	35.947	176.41
845.0	10.646	35.946	176.39
846.0	10.642	35.945	176.38
847.0	10.633	35.945	176.36
848.0	10.619	35.943	176.34
849.0	10.617	35.94	176.31
850.0	10.623	35.941	176.3
851.0	10.628	35.943	176.3
852.0	10.635	35.944	176.32
852.9	10.646	35.946	176.35
853.9	10.651	35.95	176.39
854.9	10.648	35.952	176.42
855.9	10.643	35.952	176.45
856.9	10.624	35.954	176.45
857.9	10.576	35.949	176.45
858.9	10.549	35.938	176.43
859.9	10.543	35.93	176.41
860.8	10.544	35.93	176.37
861.8	10.545	35.931	176.32
862.8	10.546	35.931	176.25
863.8	10.555	35.93	176.17
864.8	10.565	35.934	176.09
865.8	10.576	35.937	176.02
866.8	10.586	35.939	175.96
867.8	10.592	35.942	175.93
868.8	10.6	35.943	175.91
869.7	10.608	35.946	175.89
870.7	10.608	35.948	175.87
871.7	10.607	35.948	175.88
872.7	10.614	35.946	175.89
873.7	10.626	35.95	175.93
874.7	10.649	35.953	176.01
875.7	10.701	35.968	176.12
876.7	10.789	35.999	176.24
877.7	10.836	36.021	176.37
878.6	10.836	36.025	176.5
879.6	10.837	36.025	176.66
880.6	10.837	36.025	176.84
881.6	10.837	36.025	177.03
882.6	10.836	36.025	177.22
883.6	10.799	36.031	177.41
884.6	10.718	36.021	177.58
885.6	10.66	36.0	177.71
886.5	10.648	35.992	177.79
887.5	10.621	35.99	177.82
888.5	10.591	35.984	177.81
889.5	10.573	35.979	177.77
890.5	10.554	35.976	177.68
891.5	10.542	35.971	177.57
892.5	10.533	35.969	177.44
893.5	10.522	35.966	177.3
894.5	10.518	35.964	177.15
895.4	10.514	35.963	177.0
896.4	10.516	35.964	176.86
897.4	10.525	35.966	176.77
898.4	10.533	35.969	176.71
899.4	10.537	35.971	176.71
900.4	10.538	35.973	176.74
901.4	10.535	35.975	176.8
902.4	10.528	35.975	176.88
903.4	10.52	35.974	176.95
904.3	10.511	35.972	177.0
905.3	10.5	35.971	177.04
906.3	10.491	35.97	177.08
907.3	10.482	35.969	177.12
908.3	10.475	35.969	177.15
909.3	10.47	35.968	177.16
910.3	10.466	35.967	177.15
911.3	10.462	35.967	177.12
912.2	10.459	35.967	177.07
913.2	10.459	35.967	177.02
914.2	10.459	35.967	176.98
915.2	10.457	35.969	176.98
916.2	10.453	35.971	177.0
917.2	10.45	35.971	177.04
918.2	10.449	35.97	177.08
919.2	10.448	35.97	177.12
920.2	10.448	35.971	177.16
921.1	10.448	35.972	177.18
922.1	10.448	35.972	177.21
923.1	10.447	35.973	177.26
924.1	10.445	35.974	177.3
925.1	10.443	35.974	177.34
926.1	10.441	35.974	177.37
927.1	10.44	35.975	177.38
928.1	10.438	35.976	177.38
929.0	10.435	35.977	177.38
930.0	10.432	35.977	177.38
931.0	10.427	35.979	177.39
932.0	10.421	35.979	177.4
933.0	10.415	35.979	177.41
934.0	10.407	35.978	177.42
935.0	10.403	35.977	177.43
936.0	10.402	35.976	177.43
937.0	10.401	35.976	177.44
937.9	10.4	35.976	177.46
938.9	10.4	35.975	177.47
939.9	10.4	35.976	177.5
940.9	10.399	35.976	177.52
941.9	10.395	35.976	177.56
942.9	10.39	35.976	177.59
943.9	10.387	35.976	177.62
944.9	10.386	35.976	177.65
945.8	10.385	35.976	177.68
946.8	10.386	35.977	177.71
947.8	10.386	35.977	177.74
948.8	10.384	35.978	177.77
949.8	10.382	35.978	177.79
950.8	10.383	35.978	177.81
951.8	10.387	35.98	177.82
952.8	10.393	35.982	177.83
953.8	10.396	35.984	177.84
954.7	10.405	35.984	177.85
955.7	10.416	35.988	177.86
956.7	10.417	35.992	177.88
957.7	10.416	35.993	177.89
958.7	10.416	35.993	177.9
959.7	10.422	35.993	177.92
960.7	10.428	35.995	177.94
961.7	10.425	35.998	177.98
962.6	10.419	35.998	178.01
963.6	10.417	35.998	178.06
964.6	10.419	35.998	178.1
965.6	10.421	36.0	178.14
966.6	10.418	36.001	178.19
967.6	10.413	36.001	178.23
968.6	10.408	36.001	178.28
969.6	10.4	36.0	178.32
970.5	10.397	35.998	178.37
971.5	10.398	35.998	178.4
972.5	10.404	35.999	178.42
973.5	10.415	36.002	178.44
974.5	10.419	36.008	178.47
975.5	10.411	36.011	178.49
976.5	10.4	36.01	178.51
977.5	10.397	36.009	178.54
978.5	10.403	36.011	178.56
979.4	10.405	36.013	178.59
980.4	10.405	36.014	178.62
981.4	10.406	36.014	178.66
982.4	10.408	36.014	178.71
983.4	10.408	36.015	178.76
984.4	10.406	36.016	178.81
985.4	10.405	36.017	178.87
986.4	10.396	36.018	178.92
987.3	10.378	36.017	178.96
988.3	10.368	36.013	179.0
989.3	10.369	36.012	179.03
990.3	10.369	36.013	179.06
991.3	10.367	36.014	179.09
992.3	10.367	36.015	179.11
993.3	10.367	36.015	179.11
994.3	10.37	36.016	179.1
995.2	10.373	36.017	179.07
996.2	10.377	36.018	179.04
997.2	10.382	36.021	179.0
998.2	10.384	36.023	178.97
999.2	10.386	36.024	178.95
1000.2	10.389	36.026	178.92
1001.2	10.392	36.027	178.9
1002.2	10.397	36.029	178.87
1003.2	10.403	36.032	178.84
1004.1	10.409	36.036	178.82
1005.1	10.414	36.038	178.8
1006.1	10.422	36.041	178.8
1007.1	10.429	36.045	178.81
1008.1	10.43	36.048	178.81
1009.1	10.431	36.049	178.83
1010.1	10.433	36.049	178.83
1011.1	10.437	36.05	178.84
1012.0	10.442	36.052	178.84
1013.0	10.442	36.052	178.86
1014.0	10.442	36.053	178.91
1015.0	10.442	36.054	178.97
1016.0	10.437	36.055	179.03
1017.0	10.428	36.054	179.09
1018.0	10.421	36.051	179.15
1019.0	10.421	36.051	179.22
1019.9	10.418	36.051	179.3
1020.9	10.415	36.051	179.37
1021.9	10.414	36.051	179.44
1022.9	10.414	36.052	179.49
1023.9	10.416	36.053	179.52
1024.9	10.417	36.054	179.52
1025.9	10.418	36.055	179.51
1026.9	10.419	36.056	179.5
1027.8	10.42	36.056	179.5
1028.8	10.421	36.056	179.49
1029.8	10.421	36.057	179.47
1030.8	10.422	36.057	179.45
1031.8	10.423	36.057	179.44
1032.8	10.424	36.058	179.45
1033.8	10.424	36.058	179.48
1034.8	10.424	36.059	179.54
1035.7	10.424	36.059	179.62
1036.7	10.426	36.059	179.7
1037.7	10.428	36.06	179.78
1038.7	10.432	36.062	179.84
1039.7	10.438	36.065	179.91
1040.7	10.443	36.067	179.99
1041.7	10.449	36.069	180.06
1042.7	10.463	36.072	180.12
1043.7	10.479	36.08	180.17
1044.6	10.483	36.085	180.2
1045.6	10.485	36.085	180.21
1046.6	10.492	36.085	180.22
1047.6	10.511	36.087	180.24
1048.6	10.531	36.093	180.26
1049.6	10.545	36.101	180.29
1050.6	10.546	36.104	180.32
1051.6	10.549	36.105	180.35
1052.5	10.552	36.107	180.4
1053.5	10.553	36.109	180.45
1054.5	10.551	36.111	180.53
1055.5	10.545	36.112	180.62
1056.5	10.538	36.113	180.72
1057.5	10.531	36.112	180.83
1058.5	10.526	36.111	180.93
1059.5	10.527	36.11	181.02
1060.4	10.527	36.111	181.11
1061.4	10.528	36.111	181.19
1062.4	10.531	36.111	181.27
1063.4	10.534	36.112	181.34
1064.4	10.533	36.114	181.39
1065.4	10.526	36.115	181.43
1066.4	10.516	36.113	181.46
1067.4	10.51	36.111	181.47
1068.3	10.51	36.11	181.47
1069.3	10.517	36.111	181.46
1070.3	10.523	36.114	181.44
1071.3	10.524	36.117	181.43
1072.3	10.523	36.118	181.43
1073.3	10.522	36.118	181.43
1074.3	10.521	36.119	181.44
1075.3	10.521	36.119	181.44
1076.2	10.523	36.121	181.45
1077.2	10.524	36.122	181.46
1078.2	10.526	36.123	181.48
1079.2	10.527	36.124	181.51
1080.2	10.527	36.124	181.57
1081.2	10.528	36.124	181.63
1082.2	10.53	36.125	181.7
1083.2	10.529	36.126	181.75
1084.1	10.527	36.127	181.81
1085.1	10.527	36.127	181.87
1086.1	10.528	36.127	181.93
1087.1	10.531	36.129	181.99
1088.1	10.532	36.13	182.04
1089.1	10.533	36.131	182.08
1090.1	10.535	36.132	182.1
1091.1	10.539	36.132	182.12
1092.0	10.552	36.133	182.12
1093.0	10.575	36.141	182.14
1094.0	10.587	36.149	182.16
1095.0	10.588	36.152	182.18
1096.0	10.589	36.153	182.2
1097.0	10.59	36.153	182.21
1098.0	10.591	36.154	182.22
1099.0	10.591	36.155	182.25
1099.9	10.59	36.155	182.28
1100.9	10.589	36.155	182.32
1101.9	10.583	36.156	182.37
1102.9	10.574	36.155	182.42
1103.9	10.568	36.152	182.45
1104.9	10.572	36.152	182.46
1105.9	10.575	36.155	182.45
1106.9	10.568	36.156	182.44
1107.8	10.568	36.155	182.42
1108.8	10.587	36.158	182.42
1109.8	10.603	36.165	182.42
1110.8	10.608	36.17	182.41
1111.8	10.608	36.172	182.41
1112.8	10.603	36.173	182.41
1113.8	10.591	36.173	182.42
1114.8	10.578	36.171	182.46
1115.7	10.571	36.168	182.53
1116.7	10.563	36.165	182.63
1117.7	10.555	36.163	182.75
1118.7	10.54	36.163	182.88
1119.7	10.519	36.159	183.01
1120.7	10.504	36.154	183.13
1121.7	10.5	36.151	183.27
1122.7	10.498	36.151	183.41
1123.6	10.494	36.151	183.55
1124.6	10.485	36.151	183.69
1125.6	10.47	36.15	183.81
1126.6	10.449	36.146	183.92
1127.6	10.431	36.141	184.01
1128.6	10.426	36.137	184.09
1129.6	10.429	36.137	184.17
1130.5	10.432	36.138	184.25
1131.5	10.435	36.139	184.31
1132.5	10.44	36.14	184.36
1133.5	10.445	36.141	184.39
1134.5	10.452	36.142	184.4
1135.5	10.462	36.145	184.4
1136.5	10.471	36.148	184.39
1137.5	10.482	36.152	184.39
1138.4	10.49	36.156	184.38
1139.4	10.495	36.158	184.36
1140.4	10.513	36.161	184.33
1141.4	10.535	36.167	184.28
1142.4	10.554	36.174	184.23
1143.4	10.568	36.179	184.18
1144.4	10.582	36.184	184.15
1145.4	10.592	36.19	184.13
1146.3	10.597	36.194	184.13
1147.3	10.602	36.196	184.12
1148.3	10.607	36.197	184.1
1149.3	10.618	36.199	184.07
1150.3	10.632	36.203	184.05
1151.3	10.638	36.207	184.05
1152.3	10.638	36.209	184.06
1153.3	10.639	36.209	184.08
1154.2	10.639	36.21	184.11
1155.2	10.636	36.211	184.13
1156.2	10.63	36.21	184.16
1157.2	10.628	36.208	184.2
1158.2	10.629	36.208	184.25
1159.2	10.63	36.209	184.31
1160.2	10.629	36.21	184.37
1161.2	10.627	36.211	184.43
1162.1	10.622	36.212	184.5
1163.1	10.612	36.213	184.58
1164.1	10.597	36.212	184.65
1165.1	10.578	36.209	184.73
1166.1	10.561	36.205	184.79
1167.1	10.547	36.202	184.85
1168.1	10.531	36.199	184.9
1169.1	10.522	36.196	184.94
1170.0	10.519	36.195	184.98
1171.0	10.516	36.195	185.04
1172.0	10.51	36.195	185.1
1173.0	10.502	36.194	185.16
1174.0	10.499	36.192	185.22
1175.0	10.507	36.192	185.27
1176.0	10.515	36.196	185.31
1176.9	10.515	36.197	185.36
1177.9	10.515	36.197	185.41
1178.9	10.513	36.197	185.46
1179.9	10.508	36.197	185.51
1180.9	10.499	36.196	185.53
1181.9	10.499	36.194	185.54
1182.9	10.508	36.194	185.53
1183.9	10.516	36.199	185.52
1184.8	10.511	36.202	185.51
1185.8	10.501	36.201	185.52
1186.8	10.499	36.199	185.52
1187.8	10.508	36.198	185.52
1188.8	10.523	36.202	185.5
1189.8	10.537	36.206	185.48
1190.8	10.544	36.21	185.48
1191.8	10.542	36.214	185.51
1192.7	10.532	36.214	185.55
1193.7	10.516	36.212	185.6
1194.7	10.504	36.208	185.65
1195.7	10.495	36.206	185.69
1196.7	10.486	36.204	185.7
1197.7	10.474	36.203	185.73
1198.7	10.465	36.201	185.77
1199.6	10.462	36.198	185.83
1200.6	10.462	36.197	185.91
1201.6	10.462	36.197	185.98
1202.6	10.462	36.197	186.05
1203.6	10.462	36.197	186.09
1204.6	10.463	36.197	186.13
1205.6	10.466	36.197	186.17
1206.6	10.472	36.199	186.22
1207.5	10.48	36.202	186.27
1208.5	10.489	36.204	186.33
1209.5	10.494	36.208	186.38
1210.5	10.495	36.21	186.43
1211.5	10.493	36.21	186.47
1212.5	10.493	36.209	186.5
1213.5	10.491	36.21	186.52
1214.5	10.479	36.211	186.55
1215.4	10.453	36.21	186.6
1216.4	10.419	36.204	186.67
1217.4	10.388	36.196	186.76
1218.4	10.358	36.189	186.85
1219.4	10.327	36.182	186.93
1220.4	10.301	36.175	187.0
1221.4	10.283	36.17	187.04
1222.3	10.266	36.167	187.09
1223.3	10.253	36.164	187.15
1224.3	10.248	36.16	187.21
1225.3	10.247	36.159	187.29
1226.3	10.244	36.159	187.36
1227.3	10.235	36.159	187.41
1228.3	10.233	36.157	187.43
1229.3	10.239	36.158	187.44
1230.2	10.237	36.161	187.47
1231.2	10.229	36.161	187.53
1232.2	10.221	36.16	187.62
1233.2	10.208	36.158	187.72
1234.2	10.193	36.155	187.81
1235.2	10.165	36.154	187.88
1236.2	10.126	36.149	187.93
1237.1	10.106	36.137	187.99
1238.1	10.106	36.132	188.07
1239.1	10.106	36.132	188.19
1240.1	10.106	36.132	188.32
1241.1	10.106	36.132	188.44
1242.1	10.105	36.132	188.55
1243.1	10.099	36.132	188.64
1244.1	10.093	36.132	188.74
1245.0	10.081	36.134	188.86
1246.0	10.051	36.136	189.01
1247.0	10.021	36.129	189.18
1248.0	9.997	36.122	189.37
1249.0	9.968	36.119	189.55
1250.0	9.934	36.111	189.73
1251.0	9.921	36.103	189.9
1252.0	9.921	36.1	190.07
1252.9	9.918	36.1	190.25
1253.9	9.904	36.101	190.44
1254.9	9.87	36.1	190.62
1255.9	9.815	36.095	190.8
1256.9	9.746	36.08	190.98
1257.9	9.696	36.06	191.16
1258.9	9.683	36.052	191.33
1259.8	9.685	36.052	191.5
1260.8	9.666	36.059	191.66
1261.8	9.592	36.059	191.83
1262.8	9.499	36.045	192.01
1263.8	9.439	36.02	192.19
1264.8	9.408	36.0	192.37
1265.8	9.404	35.995	192.53
1266.8	9.403	35.993	192.68
1267.7	9.403	35.993	192.8
1268.7	9.405	35.993	192.91
1269.7	9.406	35.993	193.0
1270.7	9.406	35.994	193.09
1271.7	9.408	35.994	193.15
1272.7	9.415	35.995	193.17
1273.7	9.421	35.997	193.15
1274.6	9.422	35.997	193.11
1275.6	9.422	35.998	193.06
1276.6	9.422	35.998	193.02
1277.6	9.421	35.998	193.0
1278.6	9.421	35.998	192.98
1279.6	9.421	35.998	192.96
1280.6	9.421	35.998	192.92
1281.5	9.422	35.997	192.89
1282.5	9.422	35.997	192.89
1283.5	9.425	35.998	192.93
1284.5	9.426	36.0	193.02
1285.5	9.408	36.003	193.14
1286.5	9.346	36.002	193.28
1287.5	9.251	35.987	193.42
1288.5	9.191	35.969	193.55
1289.4	9.18	35.958	193.68
1290.4	9.168	35.955	193.82
1291.4	9.158	35.951	193.98
1292.4	9.158	35.949	194.15
1293.4	9.161	35.949	194.31
1294.4	9.163	35.951	194.47
1295.4	9.162	35.951	194.6
1296.3	9.161	35.951	194.72
1297.3	9.161	35.95	194.81
1298.3	9.165	35.95	194.89
1299.3	9.172	35.951	194.97
1300.3	9.177	35.954	195.07
1301.3	9.165	35.957	195.16
1302.3	9.124	35.955	195.26
1303.3	9.075	35.947	195.35
1304.2	9.033	35.936	195.42
1305.2	9.007	35.925	195.48
1306.2	9.0	35.92	195.53
1307.2	8.995	35.92	195.58
1308.2	8.984	35.92	195.64
1309.2	8.971	35.917	195.71
1310.2	8.965	35.914	195.79
1311.1	8.966	35.914	195.86
1312.1	8.961	35.915	195.91
1313.1	8.94	35.917	195.96
1314.1	8.913	35.913	196.0
1315.1	8.886	35.905	196.05
1316.1	8.869	35.899	196.13
1317.1	8.857	35.895	196.22
1318.1	8.847	35.891	196.32
1319.0	8.839	35.889	196.42
1320.0	8.829	35.888	196.51
1321.0	8.814	35.885	196.61
1322.0	8.797	35.882	196.72
1323.0	8.78	35.879	196.83
1324.0	8.753	35.878	196.94
1325.0	8.712	35.872	197.06
1325.9	8.681	35.863	197.17
1326.9	8.667	35.856	197.26
1327.9	8.665	35.852	197.33
1328.9	8.668	35.853	197.4
1329.9	8.677	35.854	197.45
1330.9	8.686	35.856	197.5
1331.9	8.704	35.858	197.54
1332.8	8.731	35.865	197.56
1333.8	8.744	35.874	197.59
1334.8	8.742	35.876	197.62
1335.8	8.733	35.877	197.65
1336.8	8.72	35.875	197.69
1337.8	8.714	35.872	197.74
1338.8	8.71	35.871	197.79
1339.7	8.695	35.872	197.85
1340.7	8.668	35.87	197.91
1341.7	8.647	35.863	197.97
1342.7	8.642	35.857	198.03
1343.7	8.652	35.857	198.1
1344.7	8.661	35.862	198.15
1345.7	8.657	35.865	198.2
1346.7	8.64	35.865	198.23
1347.6	8.617	35.863	198.27
1348.6	8.617	35.86	198.3
1349.6	8.626	35.859	198.33
1350.6	8.625	35.86	198.36
1351.6	8.621	35.86	198.4
1352.6	8.611	35.861	198.44
1353.6	8.584	35.86	198.49
1354.5	8.545	35.854	198.55
1355.5	8.523	35.843	198.63
1356.5	8.519	35.837	198.72
1357.5	8.52	35.836	198.81
1358.5	8.521	35.836	198.91
1359.5	8.527	35.836	199.02
1360.5	8.538	35.838	199.13
1361.4	8.536	35.844	199.23
1362.4	8.502	35.845	199.32
1363.4	8.465	35.837	199.41
1364.4	8.454	35.829	199.48
1365.4	8.453	35.826	199.54
1366.4	8.453	35.827	199.6
1367.4	8.453	35.827	199.66
1368.4	8.445	35.829	199.71
1369.3	8.412	35.831	199.74
1370.3	8.364	35.823	199.76
1371.3	8.343	35.809	199.78
1372.3	8.345	35.805	199.81
1373.3	8.346	35.805	199.86
1374.3	8.345	35.806	199.92
1375.3	8.346	35.806	199.99
1376.2	8.35	35.806	200.06
1377.2	8.353	35.807	200.12
1378.2	8.35	35.809	200.17
1379.2	8.336	35.807	200.23
1380.2	8.309	35.802	200.31
1381.2	8.283	35.796	200.42
1382.2	8.275	35.792	200.54
1383.1	8.271	35.791	200.65
1384.1	8.252	35.793	200.74
1385.1	8.209	35.79	200.83
1386.1	8.18	35.779	200.92
1387.1	8.179	35.772	201.03
1388.1	8.18	35.772	201.14
1389.1	8.183	35.773	201.24
1390.0	8.19	35.773	201.31
1391.0	8.202	35.775	201.35
1392.0	8.213	35.779	201.38
1393.0	8.214	35.783	201.39
1394.0	8.206	35.783	201.4
1395.0	8.2	35.781	201.41
1396.0	8.2	35.78	201.4
1396.9	8.202	35.78	201.38
1397.9	8.206	35.78	201.35
1398.9	8.21	35.782	201.33
1399.9	8.21	35.784	201.34
1400.9	8.204	35.786	201.37
1401.9	8.189	35.785	201.42
1402.9	8.169	35.783	201.48
1403.8	8.157	35.78	201.54
1404.8	8.151	35.777	201.6
1405.8	8.147	35.776	201.65
1406.8	8.145	35.775	201.71
1407.8	8.144	35.775	201.77
1408.8	8.142	35.775	201.84
1409.8	8.14	35.774	201.89
1410.8	8.136	35.774	201.94
1411.7	8.129	35.774	201.99
1412.7	8.119	35.773	202.03
1413.7	8.105	35.771	202.09
1414.7	8.093	35.768	202.16
1415.7	8.082	35.767	202.24
1416.7	8.067	35.765	202.34
1417.7	8.052	35.762	202.47
1418.6	8.044	35.759	202.6
1419.6	8.039	35.757	202.75
1420.6	8.034	35.757	202.9
1421.6	8.021	35.757	203.04
1422.6	8.001	35.755	203.19
1423.6	7.984	35.751	203.33
1424.6	7.971	35.746	203.48
1425.5	7.961	35.744	203.61
1426.5	7.95	35.743	203.73
1427.5	7.932	35.741	203.82
1428.5	7.907	35.739	203.9
1429.5	7.882	35.736	203.97
1430.5	7.862	35.732	204.05
1431.5	7.85	35.726	204.13
1432.4	7.844	35.722	204.21
1433.4	7.832	35.722	204.27
1434.4	7.815	35.72	204.31
1435.4	7.799	35.717	204.33
1436.4	7.785	35.716	204.35
1437.4	7.773	35.713	204.4
1438.4	7.767	35.708	204.48
1439.3	7.763	35.707	204.58
1440.3	7.759	35.707	204.67
1441.3	7.747	35.706	204.74
1442.3	7.732	35.705	204.78
1443.3	7.72	35.703	204.84
1444.3	7.709	35.7	204.91
1445.3	7.698	35.698	205.03
1446.2	7.678	35.695	205.18
1447.2	7.655	35.691	205.35
1448.2	7.641	35.688	205.49
1449.2	7.627	35.686	205.6
1450.2	7.611	35.684	205.69
1451.2	7.6	35.68	205.78
1452.2	7.597	35.676	205.89
1453.1	7.602	35.676	206.03
1454.1	7.603	35.677	206.19
1455.1	7.593	35.678	206.35
1456.1	7.581	35.676	206.48
1457.1	7.58	35.674	206.58
1458.1	7.582	35.675	206.66
1459.1	7.571	35.678	206.75
1460.0	7.548	35.677	206.87
1461.0	7.53	35.672	207.0
1462.0	7.524	35.668	207.14
1463.0	7.524	35.666	207.28
1464.0	7.523	35.666	207.4
1465.0	7.52	35.667	207.49
1466.0	7.513	35.667	207.58
1466.9	7.503	35.665	207.67
1467.9	7.497	35.663	207.77
1468.9	7.493	35.662	207.88
1469.9	7.486	35.662	207.98
1470.9	7.477	35.66	208.07
1471.9	7.471	35.658	208.14
1472.9	7.468	35.656	208.22
1473.8	7.468	35.656	208.29
1474.8	7.467	35.656	208.37
1475.8	7.464	35.656	208.45
1476.8	7.461	35.656	208.54
1477.8	7.456	35.655	208.62
1478.8	7.448	35.655	208.71
1479.8	7.436	35.655	208.79
1480.7	7.41	35.654	208.88
1481.7	7.373	35.649	208.96
1482.7	7.35	35.64	209.04
1483.7	7.346	35.636	209.12
1484.7	7.346	35.635	209.18
1485.7	7.343	35.635	209.24
1486.7	7.34	35.635	209.31
1487.6	7.339	35.634	209.38
1488.6	7.339	35.634	209.44
1489.6	7.339	35.634	209.51
1490.6	7.338	35.634	209.56
1491.6	7.337	35.634	209.62
1492.6	7.333	35.634	209.67
1493.6	7.327	35.634	209.72
1494.5	7.321	35.632	209.78
1495.5	7.319	35.631	209.83
1496.5	7.318	35.631	209.88
1497.5	7.318	35.631	209.92
1498.5	7.315	35.631	209.95
1499.5	7.31	35.631	209.98
1500.5	7.304	35.63	210.0
1501.4	7.29	35.629	210.04
1502.4	7.275	35.626	210.08
1503.4	7.267	35.624	210.12
1504.4	7.262	35.622	210.17
1505.4	7.256	35.621	210.22
1506.4	7.251	35.62	210.28
1507.4	7.245	35.619	210.33
1508.3	7.239	35.619	210.37
1509.3	7.231	35.617	210.41
1510.3	7.226	35.615	210.44
1511.3	7.224	35.614	210.46
1512.3	7.224	35.614	210.48
1513.3	7.224	35.614	210.5
1514.3	7.222	35.614	210.52
1515.2	7.216	35.613	210.51
1516.2	7.202	35.612	210.48
1517.2	7.179	35.609	210.45
1518.2	7.162	35.605	210.43
1519.2	7.153	35.602	210.44
1520.2	7.147	35.6	210.48
1521.2	7.145	35.599	210.53
1522.1	7.142	35.598	210.58
1523.1	7.133	35.599	210.61
1524.1	7.112	35.597	210.64
1525.1	7.096	35.593	210.66
1526.1	7.093	35.59	210.7
1527.1	7.092	35.589	210.77
1528.0	7.088	35.589	210.86
1529.0	7.083	35.589	210.95
1530.0	7.077	35.588	211.01
1531.0	7.07	35.587	211.05
1532.0	7.064	35.586	211.08
1533.0	7.061	35.584	211.11
1534.0	7.058	35.584	211.17
1534.9	7.05	35.584	211.26
1535.9	7.039	35.583	211.38
1536.9	7.028	35.581	211.49
1537.9	7.022	35.579	211.59
1538.9	7.014	35.578	211.66
1539.9	7.008	35.576	211.71
1540.9	7.006	35.576	211.78
1541.8	7.004	35.575	211.86
1542.8	7.0	35.575	211.96
1543.8	6.996	35.575	212.08
1544.8	6.995	35.575	212.19
1545.8	6.993	35.574	212.28
1546.8	6.987	35.573	212.35
1547.8	6.975	35.572	212.41
1548.7	6.962	35.57	212.49
1549.7	6.949	35.569	212.59
1550.7	6.931	35.567	212.71
1551.7	6.912	35.562	212.83
1552.7	6.899	35.558	212.94
1553.7	6.893	35.556	213.03
1554.7	6.891	35.555	213.1
1555.6	6.889	35.554	213.17
1556.6	6.883	35.554	213.25
1557.6	6.865	35.552	213.34
1558.6	6.84	35.549	213.44
1559.6	6.828	35.545	213.53
1560.6	6.826	35.543	213.61
1561.6	6.822	35.543	213.68
1562.5	6.818	35.542	213.75
1563.5	6.813	35.542	213.82
1564.5	6.807	35.541	213.91
1565.5	6.797	35.54	214.01
1566.5	6.785	35.539	214.1
1567.5	6.774	35.536	214.17
1568.4	6.767	35.535	214.24
1569.4	6.76	35.533	214.31
1570.4	6.754	35.531	214.38
1571.4	6.751	35.531	214.46
1572.4	6.748	35.53	214.52
1573.4	6.743	35.53	214.58
1574.4	6.737	35.529	214.61
1575.3	6.722	35.528	214.64
1576.3	6.69	35.524	214.67
1577.3	6.671	35.519	214.71
1578.3	6.672	35.517	214.75
1579.3	6.673	35.517	214.77
1580.3	6.672	35.517	214.77
1581.3	6.67	35.516	214.77
1582.2	6.668	35.516	214.78
1583.2	6.664	35.515	214.81
1584.2	6.658	35.514	214.84
1585.2	6.65	35.513	214.89
1586.2	6.632	35.512	214.93
1587.2	6.612	35.51	214.95
1588.2	6.6	35.506	214.98
1589.1	6.594	35.504	215.03
1590.1	6.586	35.503	215.1
1591.1	6.578	35.502	215.19
1592.1	6.571	35.501	215.29
1593.1	6.56	35.5	215.36
1594.1	6.545	35.498	215.43
1595.0	6.537	35.495	215.49
1596.0	6.533	35.493	215.56
1597.0	6.523	35.492	215.65
1598.0	6.512	35.491	215.76
1599.0	6.505	35.489	215.88
1600.0	6.502	35.488	215.98
1601.0	6.493	35.487	216.06
1601.9	6.479	35.486	216.14
1602.9	6.468	35.484	216.21
1603.9	6.464	35.481	216.29
1604.9	6.462	35.48	216.37
1605.9	6.458	35.48	216.45
1606.9	6.449	35.48	216.53
1607.9	6.438	35.478	216.6
1608.8	6.429	35.476	216.66
1609.8	6.423	35.474	216.71
1610.8	6.409	35.474	216.75
1611.8	6.393	35.471	216.78
1612.8	6.387	35.468	216.82
1613.8	6.385	35.467	216.88
1614.7	6.376	35.468	216.94
1615.7	6.359	35.466	217.02
1616.7	6.34	35.462	217.08
1617.7	6.325	35.459	217.11
1618.7	6.318	35.457	217.13
1619.7	6.316	35.456	217.14
1620.7	6.314	35.456	217.16
1621.6	6.312	35.455	217.2
1622.6	6.311	35.455	217.26
1623.6	6.309	35.455	217.31
1624.6	6.304	35.455	217.34
1625.6	6.298	35.454	217.36
1626.6	6.291	35.453	217.39
1627.6	6.285	35.452	217.44
1628.5	6.28	35.451	217.53
1629.5	6.275	35.45	217.65
1630.5	6.271	35.449	217.78
1631.5	6.267	35.448	217.92
1632.5	6.262	35.447	218.03
1633.5	6.254	35.447	218.13
1634.4	6.237	35.446	218.22
1635.4	6.222	35.444	218.31
1636.4	6.211	35.441	218.42
1637.4	6.199	35.439	218.53
1638.4	6.186	35.437	218.62
1639.4	6.176	35.434	218.68
1640.4	6.171	35.432	218.71
1641.3	6.169	35.431	218.72
1642.3	6.168	35.431	218.72
1643.3	6.166	35.431	218.74
1644.3	6.161	35.431	218.79
1645.3	6.157	35.43	218.84
1646.3	6.149	35.43	218.88
1647.3	6.129	35.428	218.9
1648.2	6.112	35.424	218.89
1649.2	6.109	35.422	218.89
1650.2	6.106	35.422	218.9
1651.2	6.098	35.421	218.95
1652.2	6.091	35.42	219.01
1653.2	6.088	35.418	219.08
1654.1	6.086	35.418	219.13
1655.1	6.084	35.418	219.16
1656.1	6.077	35.419	219.2
1657.1	6.063	35.418	219.26
1658.1	6.051	35.415	219.35
1659.1	6.048	35.413	219.48
1660.1	6.045	35.412	219.61
1661.0	6.035	35.412	219.73
1662.0	6.025	35.41	219.84
1663.0	6.02	35.409	219.94
1664.0	6.013	35.409	220.04
1665.0	6.003	35.408	220.17
1666.0	5.994	35.406	220.3
1666.9	5.99	35.404	220.43
1667.9	5.985	35.403	220.53
1668.9	5.98	35.403	220.61
1669.9	5.971	35.402	220.66
1670.9	5.962	35.401	220.7
1671.9	5.957	35.399	220.75
1672.9	5.957	35.398	220.81
1673.8	5.956	35.398	220.87
1674.8	5.953	35.398	220.92
1675.8	5.948	35.398	220.96
1676.8	5.943	35.397	221.01
1677.8	5.938	35.396	221.07
1678.8	5.931	35.395	221.13
1679.7	5.924	35.394	221.22
1680.7	5.918	35.393	221.31
1681.7	5.909	35.392	221.4
1682.7	5.898	35.39	221.5
1683.7	5.889	35.388	221.59
1684.7	5.884	35.387	221.68
1685.7	5.878	35.386	221.77
1686.6	5.872	35.385	221.86
1687.6	5.865	35.385	221.94
1688.6	5.849	35.385	222.0
1689.6	5.829	35.382	222.07
1690.6	5.817	35.378	222.14
1691.6	5.813	35.375	222.2
1692.5	5.811	35.374	222.26
1693.5	5.806	35.374	222.31
1694.5	5.799	35.374	222.36
1695.5	5.793	35.372	222.39
1696.5	5.789	35.371	222.43
1697.5	5.787	35.37	222.47
1698.5	5.785	35.37	222.52
1699.4	5.781	35.37	222.57
1700.4	5.777	35.369	222.61
1701.4	5.775	35.368	222.64
1702.4	5.772	35.368	222.68
1703.4	5.769	35.367	222.71
1704.4	5.766	35.367	222.76
1705.3	5.764	35.366	222.82
1706.3	5.756	35.366	222.88
1707.3	5.741	35.365	222.94
1708.3	5.73	35.363	222.98
1709.3	5.725	35.361	223.01
1710.3	5.721	35.36	223.04
1711.3	5.718	35.359	223.07
1712.2	5.717	35.359	223.11
1713.2	5.717	35.358	223.14
1714.2	5.716	35.358	223.17
1715.2	5.713	35.358	223.19
1716.2	5.71	35.358	223.21
1717.2	5.704	35.358	223.22
1718.1	5.692	35.358	223.23
1719.1	5.681	35.355	223.25
1720.1	5.677	35.352	223.27
1721.1	5.672	35.352	223.31
1722.1	5.661	35.351	223.34
1723.1	5.655	35.349	223.38
1724.1	5.653	35.348	223.42
1725.0	5.651	35.348	223.45
1726.0	5.65	35.347	223.49
1727.0	5.649	35.347	223.52
1728.0	5.648	35.347	223.56
1729.0	5.647	35.347	223.61
1730.0	5.645	35.347	223.68
1730.9	5.642	35.347	223.74
1731.9	5.635	35.347	223.8
1732.9	5.624	35.346	223.85
1733.9	5.615	35.344	223.9
1734.9	5.612	35.342	223.94
1735.9	5.611	35.342	223.97
1736.9	5.609	35.342	224.01
1737.8	5.607	35.342	224.06
1738.8	5.605	35.342	224.1
1739.8	5.599	35.341	224.13
1740.8	5.592	35.34	224.15
1741.8	5.585	35.339	224.17
1742.8	5.578	35.338	224.2
1743.7	5.574	35.337	224.25
1744.7	5.573	35.336	224.3
1745.7	5.572	35.336	224.36
1746.7	5.57	35.336	224.42
1747.7	5.567	35.335	224.48
1748.7	5.562	35.335	224.54
1749.7	5.556	35.334	224.61
1750.6	5.551	35.333	224.67
1751.6	5.547	35.332	224.72
1752.6	5.544	35.332	224.76
1753.6	5.54	35.331	224.78
1754.6	5.536	35.331	224.79
1755.6	5.533	35.33	224.8
1756.5	5.531	35.329	224.82
1757.5	5.529	35.33	224.83
1758.5	5.521	35.33	224.82
1759.5	5.511	35.328	224.81
1760.5	5.503	35.327	224.78
1761.5	5.495	35.326	224.78
1762.4	5.489	35.324	224.79
1763.4	5.485	35.323	224.84
1764.4	5.48	35.322	224.89
1765.4	5.475	35.321	224.94
1766.4	5.473	35.321	224.99
1767.4	5.468	35.321	225.04
1768.4	5.461	35.32	225.11
1769.3	5.457	35.319	225.21
1770.3	5.455	35.318	225.32
1771.3	5.452	35.318	225.43
1772.3	5.446	35.317	225.53
1773.3	5.439	35.316	225.62
1774.3	5.433	35.315	225.7
1775.2	5.429	35.314	225.78
1776.2	5.425	35.313	225.86
1777.2	5.419	35.313	225.95
1778.2	5.412	35.312	226.03
1779.2	5.405	35.311	226.09
1780.2	5.399	35.309	226.13
1781.1	5.395	35.309	226.16
1782.1	5.392	35.308	226.21
1783.1	5.389	35.308	226.26
1784.1	5.38	35.307	226.32
1785.1	5.367	35.305	226.37
1786.1	5.36	35.304	226.42
1787.1	5.354	35.303	226.44
1788.0	5.344	35.301	226.46
1789.0	5.336	35.3	226.47
1790.0	5.331	35.299	226.5
1791.0	5.324	35.298	226.55
1792.0	5.315	35.297	226.6
1793.0	5.306	35.295	226.63
1793.9	5.304	35.294	226.65
1794.9	5.303	35.294	226.66
1795.9	5.3	35.294	226.68
1796.9	5.291	35.294	226.71
1797.9	5.284	35.292	226.75
1798.9	5.28	35.291	226.8
1799.8	5.276	35.29	226.87
1800.8	5.273	35.289	226.93
1801.8	5.27	35.289	226.98
1802.8	5.269	35.288	227.02
1803.8	5.267	35.288	227.08
1804.8	5.263	35.288	227.14
1805.8	5.259	35.287	227.2
1806.7	5.256	35.287	227.27
1807.7	5.251	35.286	227.33
1808.7	5.246	35.286	227.39
1809.7	5.242	35.285	227.44
1810.7	5.234	35.285	227.49
1811.7	5.224	35.283	227.53
1812.6	5.218	35.281	227.58
1813.6	5.214	35.281	227.62
1814.6	5.209	35.28	227.67
1815.6	5.202	35.279	227.72
1816.6	5.196	35.278	227.77
1817.6	5.188	35.277	227.83
1818.5	5.179	35.276	227.9
1819.5	5.172	35.275	227.96
1820.5	5.166	35.274	228.01
1821.5	5.162	35.272	228.06
1822.5	5.159	35.272	228.1
1823.5	5.153	35.271	228.15
1824.5	5.146	35.271	228.21
1825.4	5.142	35.269	228.26
1826.4	5.14	35.269	228.32
1827.4	5.138	35.268	228.36
1828.4	5.136	35.268	228.39
1829.4	5.133	35.268	228.41
1830.4	5.128	35.267	228.44
1831.3	5.122	35.267	228.47
1832.3	5.115	35.266	228.5
1833.3	5.109	35.264	228.54
1834.3	5.104	35.264	228.57
1835.3	5.096	35.263	228.59
1836.3	5.09	35.262	228.61
1837.2	5.084	35.261	228.62
1838.2	5.078	35.259	228.64
1839.2	5.075	35.258	228.66
1840.2	5.073	35.258	228.7
1841.2	5.072	35.258	228.73
1842.2	5.07	35.258	228.77
1843.1	5.068	35.257	228.81
1844.1	5.066	35.257	228.86
1845.1	5.065	35.257	228.92
1846.1	5.063	35.257	228.97
1847.1	5.061	35.256	229.02
1848.1	5.057	35.256	229.07
1849.1	5.052	35.256	229.13
1850.0	5.044	35.255	229.18
1851.0	5.035	35.254	229.23
1852.0	5.025	35.253	229.28
1853.0	5.016	35.251	229.32
1854.0	5.008	35.249	229.35
1855.0	5.001	35.248	229.38
1855.9	4.996	35.247	229.41
1856.9	4.994	35.246	229.44
1857.9	4.993	35.246	229.47
1858.9	4.991	35.246	229.49
1859.9	4.987	35.245	229.51
1860.9	4.985	35.245	229.52
1861.8	4.984	35.244	229.53
1862.8	4.982	35.244	229.54
1863.8	4.981	35.244	229.55
1864.8	4.98	35.244	229.58
1865.8	4.975	35.244	229.61
1866.8	4.969	35.243	229.62
1867.7	4.965	35.242	229.64
1868.7	4.963	35.241	229.66
1869.7	4.961	35.241	229.68
1870.7	4.96	35.241	229.71
1871.7	4.958	35.241	229.75
1872.7	4.955	35.24	229.79
1873.6	4.953	35.24	229.84
1874.6	4.95	35.239	229.88
1875.6	4.944	35.239	229.92
1876.6	4.939	35.238	229.95
1877.6	4.936	35.237	230.0
1878.6	4.935	35.237	230.05
1879.6	4.933	35.237	230.11
1880.5	4.926	35.237	230.17
1881.5	4.914	35.236	230.24
1882.5	4.904	35.234	230.31
1883.5	4.896	35.232	230.36
1884.5	4.892	35.231	230.42
1885.5	4.89	35.23	230.47
1886.4	4.887	35.23	230.53
1887.4	4.882	35.229	230.58
1888.4	4.878	35.228	230.64
1889.4	4.876	35.228	230.69
1890.4	4.875	35.228	230.75
1891.4	4.872	35.228	230.81
1892.3	4.867	35.227	230.86
1893.3	4.863	35.226	230.9
1894.3	4.861	35.226	230.94
1895.3	4.859	35.226	230.97
1896.3	4.856	35.225	231.02
1897.3	4.852	35.225	231.06
1898.2	4.846	35.224	231.09
1899.2	4.841	35.223	231.12
1900.2	4.839	35.222	231.12
1901.2	4.837	35.222	231.12
1902.2	4.835	35.221	231.12
1903.2	4.832	35.221	231.13
1904.1	4.826	35.221	231.14
1905.1	4.818	35.22	231.16
1906.1	4.812	35.218	231.18
1907.1	4.808	35.218	231.19
1908.1	4.803	35.217	231.19
1909.1	4.799	35.216	231.21
1910.0	4.797	35.215	231.24
1911.0	4.796	35.215	231.28
1912.0	4.795	35.215	231.32
1913.0	4.793	35.215	231.35
1914.0	4.79	35.214	231.36
1915.0	4.789	35.213	231.35
1915.9	4.788	35.213	231.35
1916.9	4.787	35.213	231.36
1917.9	4.786	35.214	231.38
1918.9	4.783	35.214	231.41
1919.9	4.777	35.213	231.44
1920.9	4.77	35.212	231.46
1921.8	4.765	35.211	231.47
1922.8	4.761	35.21	231.47
1923.8	4.758	35.21	231.49
1924.8	4.757	35.209	231.53
1925.8	4.758	35.209	231.59
1926.8	4.761	35.21	231.64
1927.8	4.762	35.21	231.67
1928.7	4.761	35.21	231.69
1929.7	4.761	35.21	231.69
1930.7	4.76	35.21	231.68
1931.7	4.759	35.21	231.68
1932.7	4.757	35.209	231.69
1933.7	4.756	35.209	231.71
1934.6	4.751	35.209	231.72
1935.6	4.743	35.208	231.7
1936.6	4.735	35.206	231.68
1937.6	4.732	35.205	231.64
1938.6	4.729	35.205	231.61
1939.6	4.724	35.205	231.6
1940.5	4.719	35.204	231.61
1941.5	4.716	35.204	231.64
1942.5	4.714	35.203	231.65
1943.5	4.71	35.202	231.66
1944.5	4.709	35.202	231.65
1945.5	4.706	35.202	231.66
1946.4	4.702	35.202	231.69
1947.4	4.697	35.201	231.75
1948.4	4.694	35.2	231.82
1949.4	4.694	35.2	231.89
1950.4	4.693	35.2	231.96
1951.4	4.689	35.201	232.0
1952.3	4.683	35.2	232.03
1953.3	4.678	35.199	232.07
1954.3	4.673	35.198	232.1
1955.3	4.666	35.197	232.14
1956.3	4.661	35.196	232.18
1957.3	4.658	35.195	232.21
1958.2	4.653	35.195	232.24
1959.2	4.645	35.194	232.25
1960.2	4.635	35.193	232.24
1961.2	4.627	35.192	232.22
1962.2	4.621	35.19	232.22
1963.2	4.616	35.189	232.22
1964.1	4.612	35.189	232.25
1965.1	4.607	35.188	232.28
1966.1	4.603	35.188	232.3
1967.1	4.599	35.187	232.32
1968.1	4.595	35.186	232.31
1969.1	4.59	35.186	232.29
1970.0	4.584	35.186	232.28
1971.0	4.573	35.185	232.3
1972.0	4.566	35.183	232.33
1973.0	4.567	35.181	232.36
1974.0	4.56	35.181	232.38
1975.0	4.549	35.181	232.39
1975.9	4.545	35.18	232.39
1976.9	4.542	35.179	232.4
1977.9	4.539	35.178	232.43
1978.9	4.539	35.178	232.49
1979.9	4.537	35.178	232.55
1980.9	4.534	35.177	232.61
1981.8	4.53	35.177	232.64
1982.8	4.524	35.177	232.68
1983.8	4.52	35.176	232.71
1984.8	4.518	35.175	232.76
1985.8	4.515	35.174	232.81
1986.8	4.513	35.174	232.86
1987.7	4.512	35.174	232.91
1988.7	4.511	35.173	232.94
1989.7	4.509	35.174	232.97
1990.7	4.505	35.173	232.99
1991.7	4.499	35.173	233.02
1992.7	4.492	35.172	233.07
1993.6	4.486	35.171	233.12
1994.6	4.479	35.17	233.17
1995.6	4.47	35.169	233.22
1996.6	4.463	35.168	233.26
1997.6	4.458	35.167	233.3
1998.6	4.454	35.166	233.35
1999.5	4.451	35.165	233.4
2000.5	4.448	35.165	233.44
2001.5	4.446	35.164	233.48
2002.5	4.442	35.164	233.51
2003.5	4.437	35.163	233.54
2004.5	4.434	35.163	233.56
2005.4	4.432	35.163	233.57
2006.4	4.43	35.163	233.59
2007.4	4.428	35.162	233.61
2008.4	4.424	35.162	233.61
2009.4	4.421	35.161	233.6
2010.4	4.419	35.16	233.58
2011.3	4.419	35.16	233.58
2012.3	4.419	35.16	233.58
2013.3	4.418	35.161	233.59
2014.3	4.416	35.161	233.6
2015.3	4.414	35.16	233.61
2016.3	4.414	35.16	233.62
2017.2	4.412	35.16	233.63
2018.2	4.41	35.16	233.65
2019.2	4.407	35.159	233.69
2020.2	4.406	35.159	233.73
2021.2	4.406	35.158	233.77
2022.2	4.404	35.159	233.82
2023.1	4.401	35.159	233.86
2024.1	4.394	35.158	233.9
2025.1	4.389	35.157	233.94
2026.1	4.386	35.156	233.97
2027.1	4.383	35.156	234.0
2028.0	4.379	35.155	234.04
2029.0	4.374	35.155	234.07
2030.0	4.37	35.154	234.1
2031.0	4.366	35.153	234.13
2032.0	4.363	35.153	234.15
2033.0	4.362	35.152	234.17
2033.9	4.361	35.152	234.18
2034.9	4.36	35.152	234.18
2035.9	4.357	35.152	234.19
2036.9	4.352	35.152	234.19
2037.9	4.347	35.151	234.21
2038.9	4.345	35.15	234.23
2039.8	4.343	35.15	234.25
2040.8	4.341	35.149	234.26
2041.8	4.339	35.149	234.28
2042.8	4.337	35.149	234.29
2043.8	4.336	35.149	234.32
2044.8	4.335	35.148	234.35
2045.7	4.334	35.148	234.39
2046.7	4.333	35.148	234.44
2047.7	4.331	35.148	234.47
2048.7	4.326	35.148	234.49
2049.7	4.323	35.147	234.5
2050.7	4.322	35.147	234.5
2051.6	4.32	35.147	234.5
2052.6	4.318	35.147	234.52
2053.6	4.318	35.146	234.54
2054.6	4.316	35.146	234.55
2055.6	4.312	35.146	234.54
2056.6	4.308	35.145	234.54
2057.5	4.303	35.145	234.54
2058.5	4.3	35.144	234.55
2059.5	4.298	35.143	234.58
2060.5	4.297	35.143	234.62
2061.5	4.295	35.143	234.67
2062.5	4.29	35.143	234.72
2063.4	4.282	35.143	234.75
2064.4	4.273	35.142	234.77
2065.4	4.263	35.141	234.8
2066.4	4.254	35.139	234.83
2067.4	4.248	35.138	234.86
2068.4	4.245	35.136	234.89
2069.3	4.244	35.136	234.92
2070.3	4.241	35.136	234.94
2071.3	4.237	35.135	234.95
2072.3	4.233	35.135	234.96
2073.3	4.227	35.134	234.97
2074.3	4.222	35.134	234.99
2075.2	4.219	35.133	235.0
2076.2	4.216	35.132	235.02
2077.2	4.213	35.132	235.05
2078.2	4.21	35.132	235.07
2079.2			
2080.1			
2081.1			
2082.1			
2083.1			
2084.1			
2085.1			
2086.0			
2087.0			
2088.0			
2089.0			
2090.0			
2091.0			
2091.9			
2092.9			
2093.9			
2094.9			
2095.9			
2096.9			
2097.8			
2098.8			
2099.8			
2100.8			
2101.8			
2102.8			
2103.7			
2104.7			
2105.7			
2106.7			
2107.7			
2108.6			
2109.6			
2110.6			
2111.6			
2112.6			
2113.6			
2114.5			
2115.5			
2116.5			
2117.5			
2118.5			
2119.5			
2120.4			
2121.4			
2122.4			
2123.4			
2124.4			
2125.4			
2126.3			
2127.3			
2128.3			
2129.3			
2130.3			
2131.2			
2132.2			
2133.2			
2134.2			
2135.2			
2136.2			
2137.1			
2138.1			
2139.1			
2140.1			
2141.1			
2142.1			
2143.0			
2144.0			
2145.0			
2146.0			
2147.0			
