Depth [m]	Temperature [degC]	Salinity [PSU]	Oxygen [umol/kg]
1.0	19.358	36.411	231.45
2.0	19.358	36.411	231.11
3.0	19.358	36.411	230.81
4.0	19.358	36.411	230.56
5.0	19.358	36.411	230.41
6.0	19.348	36.414	230.35
6.9	19.329	36.422	230.38
7.9	19.284	36.432	230.52
8.9	19.235	36.431	230.81
9.9	19.17	36.425	231.22
10.9	19.069	36.417	231.76
11.9	18.992	36.408	232.46
12.9	18.957	36.402	233.3
13.9	18.933	36.399	234.21
14.9	18.914	36.396	235.13
15.9	18.901	36.394	236.02
16.9	18.881	36.394	236.87
17.9	18.853	36.395	237.7
18.9	18.812	36.4	238.48
19.9	18.745	36.406	239.2
20.8	18.675	36.402	239.86
21.8	18.621	36.396	240.48
22.8	18.572	36.395	241.04
23.8	18.538	36.392	241.57
24.8	18.518	36.392	242.09
25.8	18.473	36.399	242.64
26.8	18.377	36.402	243.25
27.8	18.272	36.391	243.89
28.8	17.94	36.328	244.55
29.8	17.607	36.266	245.19
30.8	17.275	36.203	245.83
31.8	17.252	36.184	246.49
32.8	17.213	36.175	247.13
33.7	17.171	36.163	247.73
34.7	17.133	36.155	248.26
35.7	17.102	36.148	248.68
36.7	17.08	36.139	248.95
37.7	17.061	36.13	249.05
38.7	17.004	36.117	249.04
39.7	16.916	36.108	248.95
40.7	16.822	36.101	248.79
41.7	16.735	36.088	248.49
42.7	16.706	36.083	248.02
43.7	16.691	36.087	247.39
44.7	16.655	36.094	246.66
45.7	16.621	36.093	245.9
46.7	16.607	36.091	245.21
47.6	16.586	36.095	244.61
48.6	16.561	36.095	244.04
49.6	16.553	36.097	243.44
50.6	16.561	36.104	242.8
51.6	16.57	36.114	242.21
52.6	16.581	36.12	241.73
53.6	16.606	36.129	241.4
54.6	16.647	36.146	241.18
55.6	16.697	36.174	240.93
56.6	16.741	36.219	240.56
57.6	16.734	36.26	240.06
58.6	16.69	36.277	239.47
59.6	16.658	36.285	238.9
60.5	16.615	36.296	238.31
61.5	16.553	36.294	237.61
62.5	16.49	36.283	236.72
63.5	16.434	36.276	235.62
64.5	16.333	36.273	234.3
65.5	16.21	36.269	232.84
66.5	16.111	36.261	231.34
67.5	16.012	36.241	229.85
68.5	15.941	36.221	228.36
69.5	15.913	36.211	226.84
70.5	15.891	36.205	225.25
71.5	15.874	36.202	223.7
72.5	15.867	36.201	222.31
73.4	15.861	36.199	221.12
74.4	15.86	36.199	220.08
75.4	15.86	36.199	219.18
76.4	15.858	36.2	218.4
77.4	15.849	36.201	217.75
78.4	15.832	36.2	217.23
79.4	15.812	36.199	216.82
80.4	15.784	36.198	216.48
81.4	15.746	36.196	216.21
82.4	15.699	36.189	215.96
83.4	15.647	36.18	215.69
84.4	15.609	36.172	215.41
85.4	15.586	36.165	215.13
86.3	15.565	36.162	214.89
87.3	15.539	36.159	214.64
88.3	15.512	36.155	214.34
89.3	15.481	36.15	213.97
90.3	15.455	36.145	213.55
91.3	15.433	36.14	213.14
92.3	15.407	36.137	212.73
93.3	15.363	36.133	212.33
94.3	15.305	36.126	211.89
95.3	15.259	36.115	211.38
96.3	15.232	36.106	210.8
97.3	15.213	36.102	210.14
98.3	15.193	36.099	209.42
99.2	15.174	36.096	208.71
100.2	15.146	36.093	207.98
101.2	15.115	36.088	207.25
102.2	15.089	36.082	206.5
103.2	15.06	36.079	205.74
104.2	15.007	36.071	204.99
105.2	14.951	36.056	204.3
106.2	14.927	36.051	203.74
107.2	14.905	36.048	203.34
108.2	14.874	36.044	203.09
109.2	14.851	36.043	202.98
110.2	14.812	36.039	203.03
111.2	14.774	36.031	203.24
112.1	14.752	36.025	203.57
113.1	14.742	36.022	203.96
114.1	14.726	36.022	204.4
115.1	14.69	36.02	204.89
116.1	14.646	36.013	205.38
117.1	14.619	36.006	205.82
118.1	14.597	36.002	206.19
119.1	14.573	35.998	206.5
120.1	14.548	35.994	206.75
121.1	14.526	35.99	206.89
122.1	14.511	35.986	206.95
123.1	14.498	35.985	206.95
124.0	14.476	35.984	206.93
125.0	14.447	35.982	206.89
126.0	14.425	35.976	206.82
127.0	14.413	35.971	206.73
128.0	14.402	35.968	206.62
129.0	14.391	35.966	206.5
130.0	14.381	35.964	206.39
131.0	14.372	35.963	206.28
132.0	14.361	35.962	206.19
133.0	14.347	35.961	206.09
134.0	14.336	35.958	205.95
135.0	14.327	35.958	205.8
136.0	14.313	35.958	205.64
136.9	14.291	35.957	205.51
137.9	14.263	35.955	205.41
138.9	14.235	35.95	205.31
139.9	14.209	35.944	205.21
140.9	14.191	35.94	205.11
141.9	14.172	35.937	205.01
142.9	14.14	35.935	204.9
143.9	14.103	35.93	204.81
144.9	14.08	35.923	204.75
145.9	14.066	35.918	204.71
146.9	14.057	35.914	204.68
147.9	14.051	35.913	204.65
148.8	14.04	35.914	204.6
149.8	14.019	35.913	204.56
150.8	13.998	35.909	204.51
151.8	13.983	35.905	204.46
152.8	13.968	35.903	204.41
153.8	13.955	35.901	204.36
154.8	13.942	35.9	204.32
155.8	13.922	35.898	204.26
156.8	13.897	35.894	204.18
157.8	13.875	35.89	204.07
158.8	13.856	35.886	203.96
159.8	13.845	35.883	203.85
160.8	13.841	35.88	203.76
161.7	13.834	35.88	203.68
162.7	13.821	35.879	203.61
163.7	13.806	35.877	203.53
164.7	13.792	35.875	203.45
165.7	13.782	35.872	203.36
166.7	13.779	35.871	203.27
167.7	13.777	35.871	203.21
168.7	13.769	35.872	203.18
169.7	13.751	35.873	203.15
170.7	13.73	35.871	203.11
171.7	13.715	35.868	203.06
172.7	13.706	35.865	202.99
173.6	13.701	35.863	202.92
174.6	13.694	35.863	202.85
175.6	13.684	35.863	202.79
176.6	13.675	35.861	202.73
177.6	13.671	35.859	202.67
178.6	13.668	35.859	202.6
179.6	13.66	35.859	202.52
180.6	13.651	35.858	202.44
181.6	13.639	35.858	202.37
182.6	13.625	35.856	202.33
183.6	13.615	35.853	202.3
184.6	13.606	35.851	202.28
185.5	13.591	35.85	202.25
186.5	13.572	35.848	202.21
187.5	13.554	35.845	202.15
188.5	13.54	35.843	202.1
189.5	13.529	35.842	202.06
190.5	13.517	35.841	202.03
191.5	13.5	35.84	201.99
192.5	13.484	35.837	201.95
193.5	13.474	35.835	201.88
194.5	13.467	35.833	201.79
195.5	13.462	35.832	201.71
196.5	13.452	35.833	201.63
197.5	13.429	35.834	201.59
198.4	13.404	35.83	201.55
199.4	13.395	35.825	201.52
200.4	13.394	35.824	201.49
201.4	13.392	35.824	201.44
202.4	13.382	35.825	201.38
203.4	13.365	35.824	201.33
204.4	13.351	35.821	201.28
205.4	13.344	35.819	201.25
206.4	13.34	35.818	201.23
207.4	13.335	35.818	201.2
208.4	13.327	35.817	201.17
209.4	13.316	35.816	201.11
210.3	13.305	35.815	201.03
211.3	13.295	35.813	200.95
212.3	13.287	35.811	200.88
213.3	13.281	35.811	200.82
214.3	13.272	35.811	200.77
215.3	13.256	35.81	200.72
216.3	13.24	35.808	200.66
217.3	13.231	35.805	200.59
218.3	13.223	35.804	200.49
219.3	13.211	35.804	200.4
220.3	13.199	35.802	200.33
221.3	13.192	35.8	200.29
222.2	13.188	35.799	200.27
223.2	13.184	35.798	200.26
224.2	13.177	35.798	200.23
225.2	13.169	35.797	200.19
226.2	13.161	35.796	200.15
227.2	13.154	35.795	200.13
228.2	13.149	35.795	200.11
229.2	13.142	35.794	200.12
230.2	13.13	35.794	200.12
231.2	13.115	35.793	200.12
232.2	13.096	35.791	200.1
233.2	13.078	35.788	200.07
234.1	13.067	35.785	200.04
235.1	13.061	35.784	200.01
236.1	13.057	35.783	199.97
237.1	13.052	35.783	199.92
238.1	13.048	35.782	199.87
239.1	13.042	35.782	199.81
240.1	13.036	35.781	199.75
241.1	13.031	35.78	199.69
242.1	13.025	35.78	199.63
243.1	13.02	35.779	199.56
244.1	13.017	35.778	199.48
245.0	13.015	35.778	199.4
246.0	13.007	35.778	199.34
247.0	12.995	35.778	199.32
248.0	12.989	35.775	199.32
249.0	12.988	35.774	199.33
250.0	12.987	35.774	199.34
251.0	12.985	35.773	199.35
252.0	12.979	35.774	199.36
253.0	12.967	35.774	199.37
254.0	12.952	35.772	199.4
255.0	12.94	35.77	199.45
256.0	12.93	35.768	199.49
256.9	12.92	35.767	199.53
257.9	12.91	35.766	199.54
258.9	12.894	35.765	199.55
259.9	12.875	35.764	199.56
260.9	12.855	35.761	199.57
261.9	12.84	35.758	199.58
262.9	12.83	35.755	199.59
263.9	12.822	35.753	199.59
264.9	12.813	35.752	199.59
265.9	12.803	35.751	199.58
266.9	12.792	35.751	199.57
267.9	12.774	35.75	199.57
268.8	12.752	35.747	199.57
269.8	12.738	35.744	199.56
270.8	12.73	35.742	199.53
271.8	12.725	35.741	199.51
272.8	12.719	35.74	199.49
273.8	12.712	35.739	199.49
274.8	12.708	35.738	199.51
275.8	12.703	35.738	199.54
276.8	12.693	35.738	199.57
277.8	12.679	35.737	199.59
278.8	12.665	35.735	199.6
279.7	12.655	35.733	199.61
280.7	12.648	35.731	199.63
281.7	12.64	35.73	199.64
282.7	12.633	35.729	199.65
283.7	12.621	35.729	199.65
284.7	12.601	35.729	199.64
285.7	12.58	35.726	199.61
286.7	12.564	35.723	199.57
287.7	12.556	35.72	199.5
288.7	12.552	35.719	199.44
289.7	12.546	35.718	199.38
290.7	12.543	35.717	199.33
291.6	12.542	35.717	199.29
292.6	12.541	35.717	199.25
293.6	12.54	35.717	199.21
294.6	12.536	35.716	199.16
295.6	12.532	35.716	199.12
296.6	12.528	35.715	199.09
297.6	12.525	35.715	199.09
298.6	12.518	35.715	199.1
299.6	12.508	35.715	199.12
300.6	12.499	35.713	199.13
301.6	12.494	35.711	199.12
302.5	12.492	35.71	199.11
303.5	12.491	35.71	199.11
304.5	12.489	35.71	199.12
305.5	12.486	35.71	199.14
306.5	12.483	35.709	199.14
307.5	12.482	35.709	199.14
308.5	12.481	35.709	199.13
309.5	12.479	35.709	199.12
310.5	12.474	35.709	199.11
311.5	12.471	35.709	199.12
312.5	12.469	35.708	199.14
313.5	12.467	35.707	199.14
314.4	12.465	35.707	199.14
315.4	12.462	35.707	199.14
316.4	12.457	35.707	199.14
317.4	12.454	35.706	199.15
318.4	12.451	35.706	199.16
319.4	12.449	35.706	199.19
320.4	12.445	35.705	199.21
321.4	12.442	35.705	199.21
322.4	12.439	35.704	199.2
323.4	12.438	35.704	199.19
324.4	12.436	35.704	199.18
325.3	12.431	35.704	199.17
326.3	12.423	35.704	199.17
327.3	12.415	35.703	199.15
328.3	12.41	35.702	199.13
329.3	12.402	35.701	199.1
330.3	12.392	35.7	199.05
331.3	12.385	35.699	199.01
332.3	12.381	35.698	198.97
333.3	12.379	35.698	198.94
334.3	12.376	35.698	198.92
335.3	12.372	35.698	198.9
336.2	12.366	35.698	198.88
337.2	12.36	35.697	198.86
338.2	12.35	35.698	198.83
339.2	12.336	35.697	198.8
340.2	12.32	35.696	198.77
341.2	12.305	35.693	198.75
342.2	12.293	35.691	198.72
343.2	12.281	35.69	198.69
344.2	12.268	35.688	198.64
345.2	12.258	35.686	198.58
346.2	12.247	35.686	198.51
347.1	12.23	35.686	198.43
348.1	12.211	35.684	198.36
349.1	12.196	35.681	198.28
350.1	12.185	35.678	198.21
351.1	12.177	35.677	198.14
352.1	12.17	35.676	198.07
353.1	12.166	35.675	198.0
354.1	12.166	35.674	197.92
355.1	12.16	35.675	197.83
356.1	12.142	35.676	197.74
357.1	12.121	35.673	197.66
358.0	12.113	35.67	197.58
359.0	12.11	35.668	197.51
360.0	12.108	35.668	197.45
361.0	12.104	35.668	197.39
362.0	12.098	35.667	197.32
363.0	12.093	35.667	197.24
364.0	12.086	35.667	197.17
365.0	12.076	35.666	197.11
366.0	12.066	35.665	197.07
367.0	12.054	35.664	197.05
368.0	12.031	35.664	197.02
368.9	12.006	35.662	197.0
369.9	11.991	35.658	196.97
370.9	11.982	35.656	196.94
371.9	11.975	35.655	196.91
372.9	11.97	35.654	196.89
373.9	11.967	35.654	196.87
374.9	11.964	35.654	196.85
375.9	11.958	35.654	196.82
376.9	11.95	35.654	196.79
377.9	11.944	35.653	196.75
378.9	11.939	35.652	196.72
379.8	11.934	35.652	196.67
380.8	11.927	35.651	196.61
381.8	11.916	35.651	196.55
382.8	11.904	35.651	196.47
383.8	11.893	35.649	196.4
384.8	11.888	35.647	196.34
385.8	11.886	35.646	196.29
386.8	11.884	35.646	196.23
387.8	11.883	35.646	196.16
388.8	11.881	35.645	196.09
389.8	11.878	35.645	196.01
390.7	11.874	35.645	195.94
391.7	11.873	35.645	195.89
392.7	11.871	35.645	195.85
393.7	11.869	35.645	195.82
394.7	11.864	35.645	195.79
395.7	11.858	35.644	195.74
396.7	11.854	35.643	195.68
397.7	11.854	35.643	195.63
398.7	11.853	35.643	195.58
399.7	11.851	35.643	195.54
400.7	11.849	35.642	195.51
401.6	11.847	35.642	195.48
402.6	11.844	35.642	195.43
403.6	11.84	35.642	195.38
404.6	11.833	35.642	195.31
405.6	11.824	35.642	195.25
406.6	11.818	35.641	195.19
407.6	11.814	35.64	195.14
408.6	11.812	35.639	195.1
409.6	11.807	35.639	195.06
410.6	11.801	35.639	195.02
411.6	11.796	35.638	194.97
412.5	11.79	35.637	194.91
413.5	11.782	35.637	194.86
414.5	11.776	35.636	194.81
415.5	11.769	35.635	194.77
416.5	11.759	35.635	194.74
417.5	11.749	35.634	194.7
418.5	11.741	35.633	194.66
419.5	11.733	35.633	194.6
420.5	11.726	35.632	194.54
421.5	11.722	35.631	194.48
422.5	11.718	35.631	194.41
423.4	11.715	35.631	194.36
424.4	11.713	35.63	194.3
425.4	11.713	35.63	194.26
426.4	11.712	35.631	194.22
427.4	11.71	35.631	194.18
428.4	11.707	35.631	194.13
429.4	11.705	35.631	194.1
430.4	11.703	35.631	194.07
431.4	11.7	35.631	194.05
432.4	11.697	35.63	194.04
433.3	11.694	35.63	194.05
434.3	11.689	35.63	194.06
435.3	11.678	35.63	194.07
436.3	11.668	35.63	194.08
437.3	11.663	35.628	194.08
438.3	11.657	35.628	194.07
439.3	11.652	35.627	194.06
440.3	11.649	35.627	194.06
441.3	11.647	35.627	194.07
442.3	11.645	35.626	194.08
443.3	11.644	35.626	194.1
444.2	11.642	35.626	194.11
445.2	11.64	35.626	194.12
446.2	11.637	35.626	194.12
447.2	11.634	35.626	194.15
448.2	11.632	35.625	194.19
449.2	11.63	35.625	194.25
450.2	11.626	35.625	194.31
451.2	11.614	35.627	194.36
452.2	11.587	35.63	194.4
453.2	11.556	35.629	194.44
454.2	11.537	35.624	194.47
455.1	11.53	35.621	194.5
456.1	11.523	35.621	194.53
457.1	11.508	35.623	194.54
458.1	11.491	35.622	194.54
459.1	11.482	35.62	194.53
460.1	11.478	35.619	194.5
461.1	11.475	35.62	194.48
462.1	11.471	35.62	194.45
463.1	11.47	35.621	194.43
464.1	11.469	35.621	194.4
465.0	11.467	35.622	194.35
466.0	11.463	35.623	194.3
467.0	11.457	35.624	194.25
468.0	11.455	35.624	194.2
469.0	11.454	35.624	194.15
470.0	11.452	35.624	194.1
471.0	11.448	35.625	194.04
472.0	11.441	35.625	193.97
473.0	11.42	35.627	193.89
474.0	11.396	35.625	193.81
475.0	11.383	35.621	193.74
475.9	11.379	35.619	193.67
476.9	11.376	35.618	193.61
477.9	11.374	35.618	193.54
478.9	11.374	35.618	193.47
479.9	11.374	35.619	193.39
480.9	11.373	35.619	193.31
481.9	11.371	35.62	193.23
482.9	11.369	35.622	193.14
483.9	11.371	35.623	193.06
484.9	11.374	35.625	192.97
485.8	11.373	35.629	192.87
486.8	11.372	35.631	192.75
487.8	11.37	35.631	192.63
488.8	11.367	35.631	192.5
489.8	11.36	35.632	192.36
490.8	11.346	35.633	192.23
491.8	11.333	35.632	192.09
492.8	11.329	35.631	191.94
493.8	11.33	35.633	191.8
494.8	11.331	35.636	191.65
495.7	11.33	35.638	191.5
496.7	11.329	35.639	191.34
497.7	11.329	35.64	191.19
498.7	11.331	35.642	191.04
499.7	11.333	35.645	190.88
500.7	11.332	35.647	190.73
501.7	11.333	35.648	190.58
502.7	11.34	35.652	190.42
503.7	11.344	35.656	190.27
504.7	11.346	35.659	190.12
505.7	11.348	35.66	189.98
506.6	11.35	35.661	189.84
507.6	11.352	35.663	189.71
508.6	11.351	35.665	189.58
509.6	11.349	35.665	189.46
510.6	11.345	35.666	189.33
511.6	11.341	35.667	189.21
512.6	11.338	35.669	189.07
513.6	11.337	35.671	188.93
514.6	11.336	35.674	188.77
515.6	11.335	35.678	188.61
516.5	11.331	35.682	188.44
517.5	11.327	35.688	188.26
518.5	11.326	35.693	188.07
519.5	11.33	35.697	187.88
520.5	11.336	35.699	187.69
521.5	11.346	35.703	187.5
522.5	11.357	35.707	187.33
523.5	11.365	35.711	187.17
524.5	11.372	35.715	187.03
525.5	11.376	35.719	186.92
526.4	11.379	35.722	186.83
527.4	11.384	35.724	186.75
528.4	11.39	35.727	186.69
529.4	11.393	35.73	186.64
530.4	11.389	35.732	186.61
531.4	11.384	35.732	186.58
532.4	11.38	35.732	186.56
533.4	11.381	35.732	186.54
534.4	11.388	35.735	186.5
535.4	11.395	35.738	186.46
536.3	11.401	35.74	186.41
537.3	11.406	35.742	186.36
538.3	11.411	35.743	186.32
539.3	11.42	35.745	186.29
540.3	11.433	35.748	186.26
541.3	11.448	35.752	186.24
542.3	11.457	35.756	186.21
543.3	11.459	35.758	186.19
544.3	11.462	35.758	186.18
545.3	11.479	35.761	186.19
546.2	11.499	35.77	186.22
547.2	11.495	35.782	186.24
548.2	11.476	35.787	186.27
549.2	11.462	35.784	186.28
550.2	11.465	35.783	186.27
551.2	11.476	35.786	186.26
552.2	11.481	35.792	186.24
553.2	11.478	35.796	186.21
554.2	11.474	35.797	186.17
555.2	11.473	35.797	186.12
556.1	11.478	35.797	186.07
557.1	11.484	35.799	186.02
558.1	11.489	35.801	185.96
559.1	11.494	35.802	185.91
560.1	11.5	35.803	185.87
561.1	11.504	35.806	185.83
562.1	11.504	35.806	185.81
563.1	11.503	35.806	185.8
564.1	11.506	35.805	185.81
565.1	11.513	35.806	185.83
566.0	11.523	35.808	185.87
567.0	11.537	35.81	185.9
568.0	11.558	35.815	185.95
569.0	11.585	35.824	185.99
570.0	11.605	35.833	186.05
571.0	11.631	35.84	186.12
572.0	11.671	35.851	186.21
573.0	11.711	35.867	186.29
574.0	11.729	35.88	186.38
575.0	11.737	35.885	186.49
575.9	11.744	35.888	186.62
576.9	11.766	35.892	186.76
577.9	11.805	35.903	186.91
578.9	11.838	35.917	187.08
579.9	11.856	35.927	187.26
580.9	11.874	35.933	187.45
581.9	11.903	35.939	187.64
582.9	11.955	35.949	187.84
583.9	11.988	35.969	188.04
584.9	11.986	35.981	188.25
585.8	11.994	35.981	188.46
586.8	12.014	35.985	188.65
587.8	12.032	35.991	188.83
588.8	12.045	35.994	189.01
589.8	12.053	35.998	189.19
590.8	12.054	35.999	189.36
591.8	12.056	35.999	189.54
592.8	12.061	36.0	189.72
593.8	12.068	36.003	189.89
594.8	12.072	36.005	190.05
595.7	12.077	36.007	190.2
596.7	12.082	36.009	190.34
597.7	12.086	36.011	190.46
598.7	12.088	36.013	190.58
599.7	12.089	36.013	190.68
600.7	12.091	36.014	190.77
601.7	12.094	36.016	190.85
602.7	12.098	36.018	190.91
603.7	12.101	36.021	190.97
604.7	12.104	36.022	191.02
605.6	12.106	36.023	191.06
606.6	12.107	36.024	191.09
607.6	12.108	36.024	191.12
608.6	12.108	36.026	191.16
609.6	12.109	36.027	191.18
610.6	12.112	36.029	191.18
611.6	12.117	36.031	191.18
612.6	12.122	36.034	191.16
613.6	12.125	36.036	191.15
614.5	12.132	36.038	191.14
615.5	12.145	36.042	191.12
616.5	12.16	36.047	191.1
617.5	12.174	36.051	191.09
618.5	12.195	36.054	191.07
619.5	12.23	36.061	191.07
620.5	12.259	36.078	191.1
621.5	12.263	36.089	191.15
622.5	12.247	36.093	191.22
623.5	12.22	36.089	191.27
624.4	12.196	36.083	191.29
625.4	12.181	36.081	191.28
626.4	12.162	36.081	191.23
627.4	12.132	36.077	191.13
628.4	12.075	36.067	190.97
629.4	11.91	36.049	190.74
630.4	11.748	36.024	190.44
631.4	11.666	35.998	190.05
632.4	11.62	35.977	189.57
633.4	11.594	35.963	189.03
634.3	11.583	35.957	188.45
635.3	11.578	35.955	187.87
636.3	11.576	35.954	187.29
637.3	11.579	35.955	186.75
638.3	11.583	35.957	186.26
639.3	11.604	35.958	185.85
640.3	11.672	35.976	185.52
641.3	11.73	36.001	185.28
642.3	11.754	36.016	185.12
643.3	11.769	36.025	185.04
644.2	11.788	36.031	185.03
645.2	11.838	36.043	185.07
646.2	11.892	36.071	185.16
647.2	11.91	36.097	185.28
648.2	11.892	36.106	185.41
649.2	11.872	36.106	185.55
650.2	11.872	36.105	185.66
651.2	11.886	36.108	185.75
652.2	11.904	36.116	185.81
653.1	11.911	36.121	185.86
654.1	11.912	36.124	185.9
655.1	11.912	36.126	185.92
656.1	11.913	36.129	185.93
657.1	11.907	36.132	185.91
658.1	11.886	36.134	185.86
659.1	11.865	36.13	185.77
660.1	11.847	36.127	185.66
661.1	11.819	36.127	185.52
662.1	11.777	36.125	185.37
663.0	11.748	36.119	185.21
664.0	11.742	36.119	185.05
665.0	11.747	36.126	184.89
666.0	11.757	36.134	184.74
667.0	11.767	36.143	184.61
668.0	11.773	36.148	184.53
669.0	11.777	36.151	184.5
670.0	11.785	36.156	184.53
671.0	11.79	36.162	184.61
671.9	11.792	36.165	184.73
672.9	11.794	36.167	184.89
673.9	11.796	36.17	185.1
674.9	11.795	36.173	185.34
675.9	11.794	36.175	185.6
676.9	11.793	36.177	185.86
677.9	11.793	36.179	186.12
678.9	11.792	36.18	186.36
679.9	11.791	36.181	186.57
680.9	11.792	36.181	186.76
681.8	11.791	36.181	186.92
682.8	11.79	36.182	187.06
683.8	11.788	36.183	187.18
684.8	11.785	36.184	187.25
685.8	11.78	36.186	187.29
686.8	11.773	36.189	187.29
687.8	11.766	36.192	187.28
688.8	11.741	36.196	187.24
689.8	11.716	36.198	187.2
690.7	11.707	36.196	187.13
691.7	11.704	36.196	187.05
692.7	11.703	36.197	186.97
693.7	11.702	36.199	186.88
694.7	11.704	36.2	186.8
695.7	11.71	36.202	186.73
696.7	11.722	36.208	186.68
697.7	11.731	36.215	186.64
698.7	11.733	36.219	186.61
699.6	11.735	36.22	186.6
700.6	11.737	36.221	186.58
701.6	11.741	36.223	186.58
702.6	11.742	36.224	186.59
703.6	11.743	36.225	186.59
704.6	11.745	36.225	186.6
705.6	11.744	36.227	186.61
706.6	11.74	36.228	186.6
707.6	11.739	36.227	186.58
708.6	11.739	36.227	186.54
709.5	11.739	36.228	186.49
710.5	11.744	36.229	186.43
711.5	11.749	36.233	186.37
712.5	11.749	36.235	186.32
713.5	11.75	36.236	186.27
714.5	11.751	36.237	186.22
715.5	11.754	36.237	186.18
716.5	11.766	36.239	186.15
717.5	11.786	36.244	186.14
718.4	11.794	36.25	186.15
719.4	11.795	36.251	186.19
720.4	11.798	36.251	186.26
721.4	11.813	36.252	186.34
722.4	11.837	36.258	186.44
723.4	11.855	36.266	186.54
724.4	11.863	36.271	186.65
725.4	11.87	36.273	186.77
726.4	11.882	36.274	186.89
727.3	11.901	36.28	187.02
728.3	11.911	36.285	187.13
729.3	11.916	36.288	187.24
730.3	11.92	36.289	187.33
731.3	11.923	36.29	187.4
732.3	11.929	36.291	187.47
733.3	11.938	36.293	187.53
734.3	11.937	36.296	187.6
735.3	11.933	36.295	187.65
736.3	11.951	36.297	187.7
737.2	11.971	36.304	187.74
738.2	11.98	36.309	187.8
739.2	11.982	36.309	187.86
740.2	11.985	36.309	187.94
741.2	11.989	36.311	188.01
742.2	11.992	36.312	188.1
743.2	12.002	36.313	188.19
744.2	12.012	36.317	188.28
745.2	12.016	36.321	188.36
746.1	12.015	36.32	188.45
747.1	12.013	36.32	188.55
748.1	12.011	36.319	188.64
749.1	12.015	36.316	188.72
750.1	12.028	36.32	188.81
751.1	12.038	36.325	188.89
752.1	12.042	36.326	188.97
753.1	12.056	36.33	189.04
754.1	12.063	36.335	189.12
755.0	12.06	36.334	189.2
756.0	12.074	36.337	189.28
757.0	12.092	36.345	189.36
758.0	12.1	36.35	189.43
759.0	12.101	36.353	189.5
760.0	12.095	36.351	189.56
761.0	12.089	36.347	189.63
762.0	12.087	36.344	189.69
763.0	12.086	36.342	189.74
763.9	12.087	36.343	189.79
764.9	12.105	36.35	189.84
765.9	12.133	36.363	189.89
766.9	12.158	36.38	189.94
767.9	12.182	36.393	189.99
768.9	12.203	36.403	190.06
769.9	12.218	36.412	190.13
770.9	12.229	36.418	190.21
771.9	12.233	36.42	190.29
772.8	12.236	36.422	190.38
773.8	12.239	36.423	190.48
774.8	12.241	36.423	190.59
775.8	12.247	36.424	190.69
776.8	12.254	36.425	190.8
777.8	12.267	36.429	190.9
778.8	12.282	36.434	191.0
779.8	12.288	36.438	191.09
780.8	12.294	36.439	191.18
781.7	12.301	36.442	191.26
782.7	12.301	36.443	191.34
783.7	12.3	36.443	191.41
784.7	12.3	36.443	191.47
785.7	12.305	36.443	191.53
786.7	12.317	36.445	191.59
787.7	12.325	36.449	191.64
788.7	12.34	36.452	191.71
789.7	12.358	36.457	191.78
790.6	12.375	36.464	191.86
791.6	12.387	36.469	191.94
792.6	12.396	36.474	192.04
793.6	12.415	36.476	192.14
794.6	12.447	36.481	192.24
795.6	12.469	36.49	192.36
796.6	12.49	36.499	192.48
797.6	12.505	36.506	192.61
798.6	12.512	36.51	192.75
799.5	12.515	36.512	192.88
800.5	12.512	36.513	193.02
801.5	12.513	36.51	193.16
802.5	12.53	36.513	193.3
803.5	12.561	36.52	193.44
804.5	12.595	36.529	193.59
805.5	12.62	36.539	193.74
806.5	12.644	36.546	193.9
807.5	12.667	36.553	194.05
808.4	12.688	36.563	194.2
809.4	12.704	36.568	194.36
810.4	12.719	36.574	194.51
811.4	12.728	36.579	194.65
812.4	12.727	36.583	194.79
813.4	12.714	36.583	194.92
814.4	12.701	36.581	195.04
815.4	12.699	36.578	195.14
816.4	12.696	36.578	195.23
817.3	12.692	36.577	195.31
818.3	12.69	36.577	195.37
819.3	12.689	36.576	195.44
820.3	12.687	36.576	195.49
821.3	12.684	36.575	195.54
822.3	12.682	36.574	195.58
823.3	12.683	36.574	195.62
824.3	12.683	36.574	195.65
825.3	12.683	36.574	195.68
826.2	12.682	36.574	195.7
827.2	12.68	36.574	195.73
828.2	12.677	36.573	195.76
829.2	12.675	36.573	195.78
830.2	12.672	36.572	195.79
831.2	12.671	36.572	195.8
832.2	12.67	36.572	195.8
833.2	12.67	36.572	195.8
834.2	12.669	36.572	195.8
835.1	12.667	36.572	195.81
836.1	12.665	36.572	195.82
837.1	12.663	36.571	195.82
838.1	12.662	36.571	195.82
839.1	12.661	36.571	195.82
840.1	12.661	36.57	195.82
841.1	12.661	36.57	195.82
842.1	12.66	36.57	195.83
843.1	12.661	36.57	195.83
844.0	12.661	36.571	195.84
845.0	12.661	36.571	195.84
846.0	12.662	36.571	195.84
847.0	12.663	36.571	195.84
848.0	12.664	36.571	195.84
849.0	12.664	36.571	195.85
850.0	12.664	36.571	195.86
851.0	12.664	36.571	195.88
852.0	12.664	36.571	195.9
852.9	12.664	36.571	195.91
853.9	12.664	36.572	195.93
854.9	12.664	36.572	195.96
855.9	12.665	36.572	195.98
856.9	12.665	36.572	196.0
857.9	12.665	36.572	196.02
858.9	12.665	36.572	196.04
859.9	12.666	36.573	196.05
860.8	12.666	36.573	196.06
861.8	12.665	36.573	196.07
862.8	12.662	36.573	196.08
863.8	12.661	36.572	196.08
864.8	12.659	36.572	196.08
865.8	12.656	36.572	196.06
866.8	12.655	36.571	196.04
867.8	12.655	36.57	196.02
868.8	12.655	36.57	196.0
869.7	12.656	36.57	195.99
870.7	12.656	36.57	195.97
871.7	12.655	36.571	195.95
872.7	12.653	36.571	195.92
873.7	12.65	36.57	195.89
874.7	12.648	36.569	195.87
875.7	12.649	36.569	195.85
876.7	12.649	36.569	195.84
877.7	12.648	36.57	195.84
878.6	12.648	36.57	195.85
879.6	12.648	36.569	195.85
880.6	12.649	36.569	195.85
881.6	12.649	36.569	195.87
882.6	12.648	36.57	195.88
883.6	12.648	36.569	195.91
884.6	12.648	36.569	195.93
885.6	12.648	36.569	195.95
886.5	12.648	36.569	195.97
887.5	12.648	36.569	195.98
888.5	12.647	36.569	195.99
889.5	12.647	36.569	196.01
890.5	12.647	36.569	196.02
891.5	12.646	36.569	196.03
892.5	12.646	36.569	196.03
893.5	12.647	36.569	196.04
894.5	12.647	36.569	196.04
895.4	12.647	36.57	196.05
896.4	12.647	36.57	196.06
897.4	12.646	36.57	196.07
898.4	12.645	36.57	196.07
899.4	12.644	36.57	196.08
900.4	12.645	36.57	196.08
901.4	12.645	36.571	196.07
902.4	12.645	36.571	196.06
903.4	12.644	36.571	196.06
904.3	12.642	36.571	196.05
905.3	12.638	36.572	196.03
906.3	12.635	36.572	196.01
907.3	12.632	36.573	195.97
908.3	12.627	36.575	195.94
909.3	12.626	36.574	195.9
910.3	12.626	36.574	195.87
911.3	12.626	36.574	195.84
912.2	12.626	36.574	195.81
913.2	12.626	36.575	195.79
914.2	12.626	36.575	195.76
915.2	12.627	36.574	195.73
916.2	12.627	36.574	195.71
917.2	12.627	36.575	195.7
918.2	12.627	36.575	195.69
919.2	12.627	36.575	195.69
920.2	12.627	36.575	195.69
921.1	12.627	36.575	195.68
922.1	12.627	36.575	195.68
923.1	12.627	36.575	195.68
924.1	12.627	36.575	195.68
925.1	12.626	36.575	195.68
926.1	12.627	36.575	195.68
927.1	12.627	36.575	195.68
928.1	12.627	36.575	195.68
929.0	12.627	36.575	195.68
930.0	12.628	36.575	195.68
931.0	12.628	36.575	195.69
932.0	12.628	36.575	195.7
933.0	12.628	36.575	195.71
934.0	12.629	36.575	195.72
935.0	12.629	36.575	195.73
936.0	12.629	36.575	195.74
937.0	12.629	36.575	195.74
937.9	12.629	36.575	195.75
938.9	12.629	36.575	195.77
939.9	12.629	36.575	195.77
940.9	12.629	36.575	195.78
941.9	12.629	36.575	195.78
942.9	12.629	36.575	195.78
943.9	12.629	36.575	195.78
944.9	12.629	36.575	195.76
945.8	12.629	36.575	195.75
946.8	12.628	36.575	195.73
947.8	12.628	36.575	195.71
948.8	12.628	36.575	195.68
949.8	12.628	36.575	195.64
950.8	12.628	36.575	195.6
951.8			
952.8			
953.8			
954.7			
955.7			
956.7			
957.7			
958.7			
959.7			
960.7			
961.7			
962.6			
963.6			
964.6			
965.6			
966.6			
967.6			
968.6			
969.6			
970.5			
971.5			
972.5			
973.5			
974.5			
975.5			
976.5			
977.5			
978.5			
979.4			
980.4			
981.4			
982.4			
983.4			
984.4			
985.4			
986.4			
987.3			
988.3			
989.3			
990.3			
991.3			
992.3			
993.3			
994.3			
995.2			
996.2			
997.2			
998.2			
999.2			
1000.2			
1001.2			
1002.2			
1003.2			
1004.1			
1005.1			
1006.1			
1007.1			
1008.1			
1009.1			
1010.1			
1011.1			
1012.0			
1013.0			
1014.0			
1015.0			
1016.0			
1017.0			
1018.0			
1019.0			
1019.9			
1020.9			
1021.9			
1022.9			
1023.9			
1024.9			
1025.9			
1026.9			
1027.8			
1028.8			
1029.8			
1030.8			
1031.8			
1032.8			
1033.8			
1034.8			
1035.7			
1036.7			
1037.7			
1038.7			
1039.7			
1040.7			
1041.7			
1042.7			
1043.7			
1044.6			
1045.6			
1046.6			
1047.6			
1048.6			
1049.6			
1050.6			
1051.6			
1052.5			
1053.5			
1054.5			
1055.5			
1056.5			
1057.5			
1058.5			
1059.5			
1060.4			
1061.4			
1062.4			
1063.4			
1064.4			
1065.4			
1066.4			
1067.4			
1068.3			
1069.3			
1070.3			
1071.3			
1072.3			
1073.3			
1074.3			
1075.3			
1076.2			
1077.2			
1078.2			
1079.2			
1080.2			
1081.2			
1082.2			
1083.2			
1084.1			
1085.1			
1086.1			
1087.1			
1088.1			
1089.1			
1090.1			
1091.1			
1092.0			
1093.0			
1094.0			
1095.0			
1096.0			
1097.0			
1098.0			
1099.0			
1099.9			
1100.9			
1101.9			
1102.9			
1103.9			
1104.9			
1105.9			
1106.9			
1107.8			
1108.8			
1109.8			
1110.8			
1111.8			
1112.8			
1113.8			
1114.8			
1115.7			
1116.7			
1117.7			
1118.7			
1119.7			
1120.7			
1121.7			
1122.7			
1123.6			
1124.6			
1125.6			
1126.6			
1127.6			
1128.6			
1129.6			
1130.5			
1131.5			
1132.5			
1133.5			
1134.5			
1135.5			
1136.5			
1137.5			
1138.4			
1139.4			
1140.4			
1141.4			
1142.4			
1143.4			
1144.4			
1145.4			
1146.3			
1147.3			
1148.3			
1149.3			
1150.3			
1151.3			
1152.3			
1153.3			
1154.2			
1155.2			
1156.2			
1157.2			
1158.2			
1159.2			
1160.2			
1161.2			
1162.1			
1163.1			
1164.1			
1165.1			
1166.1			
1167.1			
1168.1			
1169.1			
1170.0			
1171.0			
1172.0			
1173.0			
1174.0			
1175.0			
1176.0			
1176.9			
1177.9			
1178.9			
1179.9			
1180.9			
1181.9			
1182.9			
1183.9			
1184.8			
1185.8			
1186.8			
1187.8			
1188.8			
1189.8			
1190.8			
1191.8			
1192.7			
1193.7			
1194.7			
1195.7			
1196.7			
1197.7			
1198.7			
1199.6			
1200.6			
1201.6			
1202.6			
1203.6			
1204.6			
1205.6			
1206.6			
1207.5			
1208.5			
1209.5			
1210.5			
1211.5			
1212.5			
1213.5			
1214.5			
1215.4			
1216.4			
1217.4			
1218.4			
1219.4			
1220.4			
1221.4			
1222.3			
1223.3			
1224.3			
1225.3			
1226.3			
1227.3			
1228.3			
1229.3			
1230.2			
1231.2			
1232.2			
1233.2			
1234.2			
1235.2			
1236.2			
1237.1			
1238.1			
1239.1			
1240.1			
1241.1			
1242.1			
1243.1			
1244.1			
1245.0			
1246.0			
1247.0			
1248.0			
1249.0			
1250.0			
1251.0			
1252.0			
1252.9			
1253.9			
1254.9			
1255.9			
1256.9			
1257.9			
1258.9			
1259.8			
1260.8			
1261.8			
1262.8			
1263.8			
1264.8			
1265.8			
1266.8			
1267.7			
1268.7			
1269.7			
1270.7			
1271.7			
1272.7			
1273.7			
1274.6			
1275.6			
1276.6			
1277.6			
1278.6			
1279.6			
1280.6			
1281.5			
1282.5			
1283.5			
1284.5			
1285.5			
1286.5			
1287.5			
1288.5			
1289.4			
1290.4			
1291.4			
1292.4			
1293.4			
1294.4			
1295.4			
1296.3			
1297.3			
1298.3			
1299.3			
1300.3			
1301.3			
1302.3			
1303.3			
1304.2			
1305.2			
1306.2			
1307.2			
1308.2			
1309.2			
1310.2			
1311.1			
1312.1			
1313.1			
1314.1			
1315.1			
1316.1			
1317.1			
1318.1			
1319.0			
1320.0			
1321.0			
1322.0			
1323.0			
1324.0			
1325.0			
1325.9			
1326.9			
1327.9			
1328.9			
1329.9			
1330.9			
1331.9			
1332.8			
1333.8			
1334.8			
1335.8			
1336.8			
1337.8			
1338.8			
1339.7			
1340.7			
1341.7			
1342.7			
1343.7			
1344.7			
1345.7			
1346.7			
1347.6			
1348.6			
1349.6			
1350.6			
1351.6			
1352.6			
1353.6			
1354.5			
1355.5			
1356.5			
1357.5			
1358.5			
1359.5			
1360.5			
1361.4			
1362.4			
1363.4			
1364.4			
1365.4			
1366.4			
1367.4			
1368.4			
1369.3			
1370.3			
1371.3			
1372.3			
1373.3			
1374.3			
1375.3			
1376.2			
1377.2			
1378.2			
1379.2			
1380.2			
1381.2			
1382.2			
1383.1			
1384.1			
1385.1			
1386.1			
1387.1			
1388.1			
1389.1			
1390.0			
1391.0			
1392.0			
1393.0			
1394.0			
1395.0			
1396.0			
1396.9			
1397.9			
1398.9			
1399.9			
1400.9			
1401.9			
1402.9			
1403.8			
1404.8			
1405.8			
1406.8			
1407.8			
1408.8			
1409.8			
1410.8			
1411.7			
1412.7			
1413.7			
1414.7			
1415.7			
1416.7			
1417.7			
1418.6			
1419.6			
1420.6			
1421.6			
1422.6			
1423.6			
1424.6			
1425.5			
1426.5			
1427.5			
1428.5			
1429.5			
1430.5			
1431.5			
1432.4			
1433.4			
1434.4			
1435.4			
1436.4			
1437.4			
1438.4			
1439.3			
1440.3			
1441.3			
1442.3			
1443.3			
1444.3			
1445.3			
1446.2			
1447.2			
1448.2			
1449.2			
1450.2			
1451.2			
1452.2			
1453.1			
1454.1			
1455.1			
1456.1			
1457.1			
1458.1			
1459.1			
1460.0			
1461.0			
1462.0			
1463.0			
1464.0			
1465.0			
1466.0			
1466.9			
1467.9			
1468.9			
1469.9			
1470.9			
1471.9			
1472.9			
1473.8			
1474.8			
1475.8			
1476.8			
1477.8			
1478.8			
1479.8			
1480.7			
1481.7			
1482.7			
1483.7			
1484.7			
1485.7			
1486.7			
1487.6			
1488.6			
1489.6			
1490.6			
1491.6			
1492.6			
1493.6			
1494.5			
1495.5			
1496.5			
1497.5			
1498.5			
1499.5			
1500.5			
1501.4			
1502.4			
1503.4			
1504.4			
1505.4			
1506.4			
1507.4			
1508.3			
1509.3			
1510.3			
1511.3			
1512.3			
1513.3			
1514.3			
1515.2			
1516.2			
1517.2			
1518.2			
1519.2			
1520.2			
1521.2			
1522.1			
1523.1			
1524.1			
1525.1			
1526.1			
1527.1			
1528.0			
1529.0			
1530.0			
1531.0			
1532.0			
1533.0			
1534.0			
1534.9			
1535.9			
1536.9			
1537.9			
1538.9			
1539.9			
1540.9			
1541.8			
1542.8			
1543.8			
1544.8			
1545.8			
1546.8			
1547.8			
1548.7			
1549.7			
1550.7			
1551.7			
1552.7			
1553.7			
1554.7			
1555.6			
1556.6			
1557.6			
1558.6			
1559.6			
1560.6			
1561.6			
1562.5			
1563.5			
1564.5			
1565.5			
1566.5			
1567.5			
1568.4			
1569.4			
1570.4			
1571.4			
1572.4			
1573.4			
1574.4			
1575.3			
1576.3			
1577.3			
1578.3			
1579.3			
1580.3			
1581.3			
1582.2			
1583.2			
1584.2			
1585.2			
1586.2			
1587.2			
1588.2			
1589.1			
1590.1			
1591.1			
1592.1			
1593.1			
1594.1			
1595.0			
1596.0			
1597.0			
1598.0			
1599.0			
1600.0			
1601.0			
1601.9			
1602.9			
1603.9			
1604.9			
1605.9			
1606.9			
1607.9			
1608.8			
1609.8			
1610.8			
1611.8			
1612.8			
1613.8			
1614.7			
1615.7			
1616.7			
1617.7			
1618.7			
1619.7			
1620.7			
1621.6			
1622.6			
1623.6			
1624.6			
1625.6			
1626.6			
1627.6			
1628.5			
1629.5			
1630.5			
1631.5			
1632.5			
1633.5			
1634.4			
1635.4			
1636.4			
1637.4			
1638.4			
1639.4			
1640.4			
1641.3			
1642.3			
1643.3			
1644.3			
1645.3			
1646.3			
1647.3			
1648.2			
1649.2			
1650.2			
1651.2			
1652.2			
1653.2			
1654.1			
1655.1			
1656.1			
1657.1			
1658.1			
1659.1			
1660.1			
1661.0			
1662.0			
1663.0			
1664.0			
1665.0			
1666.0			
1666.9			
1667.9			
1668.9			
1669.9			
1670.9			
1671.9			
1672.9			
1673.8			
1674.8			
1675.8			
1676.8			
1677.8			
1678.8			
1679.7			
1680.7			
1681.7			
1682.7			
1683.7			
1684.7			
1685.7			
1686.6			
1687.6			
1688.6			
1689.6			
1690.6			
1691.6			
1692.5			
1693.5			
1694.5			
1695.5			
1696.5			
1697.5			
1698.5			
1699.4			
1700.4			
1701.4			
1702.4			
1703.4			
1704.4			
1705.3			
1706.3			
1707.3			
1708.3			
1709.3			
1710.3			
1711.3			
1712.2			
1713.2			
1714.2			
1715.2			
1716.2			
1717.2			
1718.1			
1719.1			
1720.1			
1721.1			
1722.1			
1723.1			
1724.1			
1725.0			
1726.0			
1727.0			
1728.0			
1729.0			
1730.0			
1730.9			
1731.9			
1732.9			
1733.9			
1734.9			
1735.9			
1736.9			
1737.8			
1738.8			
1739.8			
1740.8			
1741.8			
1742.8			
1743.7			
1744.7			
1745.7			
1746.7			
1747.7			
1748.7			
1749.7			
1750.6			
1751.6			
1752.6			
1753.6			
1754.6			
1755.6			
1756.5			
1757.5			
1758.5			
1759.5			
1760.5			
1761.5			
1762.4			
1763.4			
1764.4			
1765.4			
1766.4			
1767.4			
1768.4			
1769.3			
1770.3			
1771.3			
1772.3			
1773.3			
1774.3			
1775.2			
1776.2			
1777.2			
1778.2			
1779.2			
1780.2			
1781.1			
1782.1			
1783.1			
1784.1			
1785.1			
1786.1			
1787.1			
1788.0			
1789.0			
1790.0			
1791.0			
1792.0			
1793.0			
1793.9			
1794.9			
1795.9			
1796.9			
1797.9			
1798.9			
1799.8			
1800.8			
1801.8			
1802.8			
1803.8			
1804.8			
1805.8			
1806.7			
1807.7			
1808.7			
1809.7			
1810.7			
1811.7			
1812.6			
1813.6			
1814.6			
1815.6			
1816.6			
1817.6			
1818.5			
1819.5			
1820.5			
1821.5			
1822.5			
1823.5			
1824.5			
1825.4			
1826.4			
1827.4			
1828.4			
1829.4			
1830.4			
1831.3			
1832.3			
1833.3			
1834.3			
1835.3			
1836.3			
1837.2			
1838.2			
1839.2			
1840.2			
1841.2			
1842.2			
1843.1			
1844.1			
1845.1			
1846.1			
1847.1			
1848.1			
1849.1			
1850.0			
1851.0			
1852.0			
1853.0			
1854.0			
1855.0			
1855.9			
1856.9			
1857.9			
1858.9			
1859.9			
1860.9			
1861.8			
1862.8			
1863.8			
1864.8			
1865.8			
1866.8			
1867.7			
1868.7			
1869.7			
1870.7			
1871.7			
1872.7			
1873.6			
1874.6			
1875.6			
1876.6			
1877.6			
1878.6			
1879.6			
1880.5			
1881.5			
1882.5			
1883.5			
1884.5			
1885.5			
1886.4			
1887.4			
1888.4			
1889.4			
1890.4			
1891.4			
1892.3			
1893.3			
1894.3			
1895.3			
1896.3			
1897.3			
1898.2			
1899.2			
1900.2			
1901.2			
1902.2			
1903.2			
1904.1			
1905.1			
1906.1			
1907.1			
1908.1			
1909.1			
1910.0			
1911.0			
1912.0			
1913.0			
1914.0			
1915.0			
1915.9			
1916.9			
1917.9			
1918.9			
1919.9			
1920.9			
1921.8			
1922.8			
1923.8			
1924.8			
1925.8			
1926.8			
1927.8			
1928.7			
1929.7			
1930.7			
1931.7			
1932.7			
1933.7			
1934.6			
1935.6			
1936.6			
1937.6			
1938.6			
1939.6			
1940.5			
1941.5			
1942.5			
1943.5			
1944.5			
1945.5			
1946.4			
1947.4			
1948.4			
1949.4			
1950.4			
1951.4			
1952.3			
1953.3			
1954.3			
1955.3			
1956.3			
1957.3			
1958.2			
1959.2			
1960.2			
1961.2			
1962.2			
1963.2			
1964.1			
1965.1			
1966.1			
1967.1			
1968.1			
1969.1			
1970.0			
1971.0			
1972.0			
1973.0			
1974.0			
1975.0			
1975.9			
1976.9			
1977.9			
1978.9			
1979.9			
1980.9			
1981.8			
1982.8			
1983.8			
1984.8			
1985.8			
1986.8			
1987.7			
1988.7			
1989.7			
1990.7			
1991.7			
1992.7			
1993.6			
1994.6			
1995.6			
1996.6			
1997.6			
1998.6			
1999.5			
2000.5			
2001.5			
2002.5			
2003.5			
2004.5			
2005.4			
2006.4			
2007.4			
2008.4			
2009.4			
2010.4			
2011.3			
2012.3			
2013.3			
2014.3			
2015.3			
2016.3			
2017.2			
2018.2			
2019.2			
2020.2			
2021.2			
2022.2			
2023.1			
2024.1			
2025.1			
2026.1			
2027.1			
2028.0			
2029.0			
2030.0			
2031.0			
2032.0			
2033.0			
2033.9			
2034.9			
2035.9			
2036.9			
2037.9			
2038.9			
2039.8			
2040.8			
2041.8			
2042.8			
2043.8			
2044.8			
2045.7			
2046.7			
2047.7			
2048.7			
2049.7			
2050.7			
2051.6			
2052.6			
2053.6			
2054.6			
2055.6			
2056.6			
2057.5			
2058.5			
2059.5			
2060.5			
2061.5			
2062.5			
2063.4			
2064.4			
2065.4			
2066.4			
2067.4			
2068.4			
2069.3			
2070.3			
2071.3			
2072.3			
2073.3			
2074.3			
2075.2			
2076.2			
2077.2			
2078.2			
2079.2			
2080.1			
2081.1			
2082.1			
2083.1			
2084.1			
2085.1			
2086.0			
2087.0			
2088.0			
2089.0			
2090.0			
2091.0			
2091.9			
2092.9			
2093.9			
2094.9			
2095.9			
2096.9			
2097.8			
2098.8			
2099.8			
2100.8			
2101.8			
2102.8			
2103.7			
2104.7			
2105.7			
2106.7			
2107.7			
2108.6			
2109.6			
2110.6			
2111.6			
2112.6			
2113.6			
2114.5			
2115.5			
2116.5			
2117.5			
2118.5			
2119.5			
2120.4			
2121.4			
2122.4			
2123.4			
2124.4			
2125.4			
2126.3			
2127.3			
2128.3			
2129.3			
2130.3			
2131.2			
2132.2			
2133.2			
2134.2			
2135.2			
2136.2			
2137.1			
2138.1			
2139.1			
2140.1			
2141.1			
2142.1			
2143.0			
2144.0			
2145.0			
2146.0			
2147.0			
