Depth [m]	Temperature [degC]	Salinity [PSU]	Oxygen [umol/kg]
1.0	21.182	36.558	220.4
2.0	21.182	36.558	221.4
3.0	21.182	36.558	222.4
4.0	21.182	36.558	223.4
5.0	21.116	36.557	224.43
6.0	21.055	36.555	225.49
6.9	20.948	36.552	226.54
7.9	20.898	36.551	227.53
8.9	20.883	36.551	228.43
9.9	20.878	36.548	229.24
10.9	20.883	36.544	229.97
11.9	20.884	36.546	230.67
12.9	20.82	36.553	231.38
13.9	20.719	36.551	232.04
14.9	20.682	36.543	232.59
15.9	20.699	36.542	233.04
16.9	20.713	36.543	233.4
17.9	20.697	36.543	233.72
18.9	20.656	36.542	234.09
19.9	20.45	36.531	234.53
20.8	20.245	36.52	235.0
21.8	20.039	36.509	235.47
22.8	20.039	36.499	235.93
23.8	20.019	36.5	236.4
24.8	19.991	36.503	236.91
25.8	19.954	36.504	237.51
26.8	19.914	36.505	238.18
27.8	19.874	36.503	238.91
28.8	19.826	36.502	239.69
29.8	19.727	36.506	240.5
30.8	19.543	36.51	241.36
31.8	19.197	36.508	242.3
32.8	18.756	36.481	243.3
33.7	18.502	36.434	244.31
34.7	18.398	36.412	245.3
35.7	18.323	36.411	246.26
36.7	18.268	36.411	247.21
37.7	18.209	36.41	248.12
38.7	18.141	36.407	248.96
39.7	18.092	36.401	249.68
40.7	18.045	36.397	250.32
41.7	17.984	36.399	250.86
42.7	17.898	36.405	251.3
43.7	17.826	36.404	251.67
44.7	17.787	36.398	251.96
45.7	17.719	36.395	252.17
46.7	17.581	36.39	252.27
47.6	17.426	36.374	252.23
48.6	17.342	36.359	252.08
49.6	17.283	36.355	251.87
50.6	17.178	36.353	251.58
51.6	17.053	36.345	251.2
52.6	16.949	36.337	250.69
53.6	16.887	36.334	250.06
54.6	16.846	36.333	249.34
55.6	16.816	36.329	248.57
56.6	16.791	36.325	247.76
57.6	16.77	36.323	246.93
58.6	16.739	36.323	246.09
59.6	16.708	36.321	245.27
60.5	16.69	36.317	244.46
61.5	16.671	36.315	243.71
62.5	16.637	36.313	243.01
63.5	16.576	36.31	242.37
64.5	16.5	36.302	241.77
65.5	16.45	36.293	241.19
66.5	16.424	36.288	240.62
67.5	16.392	36.284	240.07
68.5	16.356	36.28	239.53
69.5	16.321	36.276	238.98
70.5	16.288	36.272	238.42
71.5	16.263	36.266	237.81
72.5	16.249	36.262	237.15
73.4	16.237	36.262	236.45
74.4	16.211	36.262	235.72
75.4	16.157	36.262	234.97
76.4	16.08	36.255	234.23
77.4	16.025	36.239	233.46
78.4	16.011	36.228	232.69
79.4	16.002	36.228	231.93
80.4	15.979	36.228	231.19
81.4	15.948	36.224	230.5
82.4	15.924	36.219	229.85
83.4	15.896	36.213	229.25
84.4	15.866	36.207	228.7
85.4	15.843	36.202	228.2
86.3	15.832	36.2	227.76
87.3	15.82	36.2	227.36
88.3	15.79	36.199	227.01
89.3	15.753	36.191	226.69
90.3	15.723	36.183	226.41
91.3	15.703	36.179	226.13
92.3	15.69	36.178	225.82
93.3	15.683	36.177	225.5
94.3	15.676	36.176	225.15
95.3	15.663	36.175	224.75
96.3	15.635	36.173	224.29
97.3	15.6	36.168	223.76
98.3	15.573	36.162	223.19
99.2	15.566	36.16	222.59
100.2	15.562	36.16	221.99
101.2	15.553	36.161	221.4
102.2	15.537	36.162	220.83
103.2	15.526	36.16	220.33
104.2	15.518	36.158	219.9
105.2	15.511	36.157	219.55
106.2	15.5	36.157	219.34
107.2	15.479	36.156	219.28
108.2	15.458	36.153	219.35
109.2	15.44	36.15	219.52
110.2	15.426	36.147	219.75
111.2	15.415	36.146	220.0
112.1	15.404	36.145	220.27
113.1	15.394	36.145	220.56
114.1	15.371	36.146	220.84
115.1	15.339	36.142	221.1
116.1	15.316	36.135	221.33
117.1	15.3	36.131	221.51
118.1	15.286	36.128	221.61
119.1	15.27	36.126	221.64
120.1	15.25	36.124	221.63
121.1	15.234	36.121	221.6
122.1	15.224	36.117	221.56
123.1	15.217	36.115	221.51
124.0	15.202	36.114	221.45
125.0	15.167	36.11	221.37
126.0	15.12	36.101	221.27
127.0	15.084	36.092	221.15
128.0	15.062	36.087	221.02
129.0	15.049	36.085	220.9
130.0	15.041	36.084	220.78
131.0	15.035	36.082	220.68
132.0	15.032	36.081	220.59
133.0	15.028	36.08	220.51
134.0	15.024	36.078	220.42
135.0	15.019	36.077	220.33
136.0	15.015	36.076	220.24
136.9	15.013	36.076	220.16
137.9	15.005	36.078	220.1
138.9	14.987	36.077	220.06
139.9	14.973	36.073	220.03
140.9	14.964	36.069	219.98
141.9	14.947	36.066	219.9
142.9	14.929	36.064	219.8
143.9	14.902	36.062	219.69
144.9	14.871	36.058	219.58
145.9	14.831	36.053	219.46
146.9	14.779	36.046	219.33
147.9	14.73	36.032	219.19
148.8	14.691	36.019	219.03
149.8	14.667	36.012	218.85
150.8	14.643	36.009	218.65
151.8	14.621	36.005	218.46
152.8	14.608	36.001	218.28
153.8	14.601	35.999	218.11
154.8	14.595	35.997	217.96
155.8	14.587	35.996	217.81
156.8	14.58	35.994	217.68
157.8	14.575	35.993	217.55
158.8	14.57	35.992	217.44
159.8	14.565	35.991	217.33
160.8	14.56	35.991	217.25
161.7	14.551	35.991	217.18
162.7	14.541	35.99	217.12
163.7	14.528	35.989	217.07
164.7	14.513	35.987	217.02
165.7	14.499	35.985	216.98
166.7	14.486	35.982	216.92
167.7	14.473	35.981	216.85
168.7	14.456	35.979	216.77
169.7	14.428	35.978	216.68
170.7	14.398	35.972	216.6
171.7	14.372	35.965	216.51
172.7	14.344	35.958	216.43
173.6	14.317	35.951	216.34
174.6	14.295	35.945	216.23
175.6	14.272	35.941	216.09
176.6	14.247	35.938	215.95
177.6	14.226	35.937	215.81
178.6	14.202	35.935	215.7
179.6	14.175	35.93	215.6
180.6	14.159	35.923	215.5
181.6	14.15	35.92	215.38
182.6	14.132	35.919	215.23
183.6	14.109	35.917	215.06
184.6	14.09	35.914	214.88
185.5	14.073	35.913	214.7
186.5	14.056	35.91	214.53
187.5	14.04	35.907	214.36
188.5	14.019	35.904	214.18
189.5	13.986	35.899	213.98
190.5	13.952	35.891	213.77
191.5	13.925	35.885	213.57
192.5	13.906	35.881	213.37
193.5	13.892	35.879	213.19
194.5	13.884	35.877	213.04
195.5	13.88	35.876	212.9
196.5	13.873	35.876	212.77
197.5	13.863	35.875	212.66
198.4	13.85	35.873	212.56
199.4	13.838	35.871	212.47
200.4	13.825	35.869	212.39
201.4	13.808	35.866	212.32
202.4	13.794	35.863	212.25
203.4	13.784	35.861	212.18
204.4	13.774	35.86	212.1
205.4	13.765	35.859	212.0
206.4	13.753	35.859	211.89
207.4	13.737	35.858	211.77
208.4	13.721	35.855	211.63
209.4	13.707	35.853	211.46
210.3	13.695	35.852	211.26
211.3	13.688	35.85	211.04
212.3	13.685	35.85	210.79
213.3	13.681	35.85	210.52
214.3	13.679	35.85	210.23
215.3	13.68	35.851	209.92
216.3	13.682	35.855	209.59
217.3	13.676	35.859	209.25
218.3	13.665	35.86	208.9
219.3	13.654	35.859	208.55
220.3	13.647	35.857	208.2
221.3	13.64	35.856	207.88
222.2	13.628	35.856	207.57
223.2	13.608	35.855	207.29
224.2	13.588	35.852	207.04
225.2	13.578	35.848	206.83
226.2	13.574	35.846	206.65
227.2	13.572	35.846	206.5
228.2	13.565	35.847	206.38
229.2	13.548	35.847	206.29
230.2	13.524	35.843	206.21
231.2	13.506	35.838	206.13
232.2	13.49	35.835	206.06
233.2	13.474	35.832	206.0
234.1	13.469	35.83	205.93
235.1	13.475	35.83	205.86
236.1	13.478	35.833	205.79
237.1	13.47	35.836	205.71
238.1	13.454	35.835	205.63
239.1	13.438	35.832	205.55
240.1	13.427	35.829	205.48
241.1	13.42	35.827	205.41
242.1	13.413	35.825	205.37
243.1	13.406	35.824	205.33
244.1	13.399	35.822	205.3
245.0	13.392	35.823	205.27
246.0	13.374	35.825	205.24
247.0	13.347	35.824	205.19
248.0	13.327	35.821	205.14
249.0	13.31	35.818	205.08
250.0	13.293	35.816	205.01
251.0	13.283	35.813	204.93
252.0	13.274	35.811	204.84
253.0	13.263	35.81	204.74
254.0	13.249	35.809	204.62
255.0	13.234	35.807	204.51
256.0	13.219	35.805	204.4
256.9	13.208	35.802	204.31
257.9	13.204	35.8	204.23
258.9	13.201	35.8	204.14
259.9	13.19	35.8	204.04
260.9	13.171	35.8	203.94
261.9	13.157	35.797	203.84
262.9	13.153	35.794	203.74
263.9	13.15	35.793	203.66
264.9	13.148	35.793	203.59
265.9	13.145	35.793	203.52
266.9	13.139	35.792	203.44
267.9	13.131	35.791	203.35
268.8	13.124	35.79	203.26
269.8	13.12	35.79	203.2
270.8	13.113	35.791	203.18
271.8	13.098	35.79	203.19
272.8	13.081	35.788	203.22
273.8	13.066	35.785	203.25
274.8	13.056	35.782	203.28
275.8	13.049	35.781	203.31
276.8	13.037	35.783	203.35
277.8	13.018	35.781	203.41
278.8	13.003	35.778	203.48
279.7	12.994	35.777	203.57
280.7	12.972	35.777	203.64
281.7	12.939	35.774	203.71
282.7	12.91	35.769	203.76
283.7	12.892	35.764	203.82
284.7	12.874	35.762	203.88
285.7	12.845	35.759	203.95
286.7	12.809	35.755	204.03
287.7	12.78	35.747	204.1
288.7	12.766	35.741	204.17
289.7	12.762	35.74	204.23
290.7	12.76	35.74	204.3
291.6	12.757	35.74	204.36
292.6	12.752	35.739	204.42
293.6	12.748	35.739	204.47
294.6	12.745	35.738	204.51
295.6	12.742	35.738	204.53
296.6	12.737	35.738	204.53
297.6	12.73	35.738	204.52
298.6	12.721	35.738	204.5
299.6	12.714	35.736	204.47
300.6	12.704	35.736	204.44
301.6	12.693	35.735	204.39
302.5	12.685	35.734	204.34
303.5	12.68	35.733	204.27
304.5	12.672	35.732	204.2
305.5	12.662	35.731	204.15
306.5	12.655	35.729	204.11
307.5	12.652	35.728	204.08
308.5	12.65	35.728	204.05
309.5	12.649	35.728	204.03
310.5	12.648	35.728	204.01
311.5	12.646	35.728	203.99
312.5	12.642	35.728	203.98
313.5	12.635	35.728	203.97
314.4	12.617	35.729	203.97
315.4	12.594	35.727	203.96
316.4	12.579	35.723	203.95
317.4	12.568	35.72	203.92
318.4	12.558	35.718	203.9
319.4	12.552	35.717	203.87
320.4	12.547	35.717	203.85
321.4	12.542	35.716	203.83
322.4	12.539	35.715	203.83
323.4	12.538	35.715	203.83
324.4	12.535	35.715	203.83
325.3	12.529	35.715	203.85
326.3	12.519	35.716	203.88
327.3	12.494	35.716	203.92
328.3	12.46	35.712	203.98
329.3	12.435	35.705	204.06
330.3	12.421	35.699	204.14
331.3	12.414	35.697	204.22
332.3	12.409	35.696	204.3
333.3	12.404	35.695	204.37
334.3	12.396	35.695	204.43
335.3	12.387	35.695	204.49
336.2	12.378	35.694	204.55
337.2	12.37	35.693	204.6
338.2	12.362	35.692	204.64
339.2	12.356	35.69	204.66
340.2	12.35	35.69	204.66
341.2	12.343	35.689	204.65
342.2	12.332	35.689	204.63
343.2	12.32	35.689	204.61
344.2	12.308	35.687	204.58
345.2	12.295	35.686	204.56
346.2	12.281	35.684	204.53
347.1	12.269	35.682	204.5
348.1	12.251	35.681	204.45
349.1	12.23	35.679	204.4
350.1	12.217	35.676	204.36
351.1	12.211	35.674	204.32
352.1	12.207	35.673	204.29
353.1	12.199	35.673	204.25
354.1	12.189	35.672	204.22
355.1	12.182	35.671	204.18
356.1	12.176	35.67	204.15
357.1	12.173	35.669	204.11
358.0	12.169	35.669	204.08
359.0	12.166	35.668	204.05
360.0	12.164	35.668	204.02
361.0	12.161	35.668	203.98
362.0	12.159	35.668	203.93
363.0	12.157	35.668	203.88
364.0	12.154	35.668	203.84
365.0	12.147	35.668	203.8
366.0	12.135	35.667	203.75
367.0	12.126	35.666	203.69
368.0	12.123	35.664	203.63
368.9	12.12	35.664	203.56
369.9	12.116	35.664	203.49
370.9	12.108	35.664	203.42
371.9	12.096	35.664	203.36
372.9	12.084	35.663	203.29
373.9	12.075	35.66	203.21
374.9	12.07	35.659	203.13
375.9	12.063	35.658	203.05
376.9	12.055	35.658	202.96
377.9	12.047	35.657	202.86
378.9	12.039	35.657	202.77
379.8	12.034	35.655	202.68
380.8	12.033	35.654	202.59
381.8	12.029	35.654	202.49
382.8	12.016	35.655	202.39
383.8	11.995	35.655	202.28
384.8	11.977	35.652	202.15
385.8	11.967	35.65	202.03
386.8	11.959	35.65	201.89
387.8	11.947	35.65	201.74
388.8	11.934	35.649	201.59
389.8	11.923	35.647	201.43
390.7	11.912	35.646	201.26
391.7	11.899	35.646	201.09
392.7	11.889	35.644	200.92
393.7	11.883	35.643	200.73
394.7	11.879	35.642	200.54
395.7	11.873	35.642	200.35
396.7	11.869	35.642	200.17
397.7	11.867	35.642	200.0
398.7	11.864	35.642	199.83
399.7	11.861	35.642	199.67
400.7	11.859	35.642	199.52
401.6	11.857	35.642	199.37
402.6	11.852	35.642	199.22
403.6	11.845	35.642	199.08
404.6	11.837	35.642	198.96
405.6	11.831	35.641	198.86
406.6	11.827	35.64	198.78
407.6	11.823	35.64	198.7
408.6	11.821	35.639	198.63
409.6	11.82	35.639	198.55
410.6	11.818	35.639	198.46
411.6	11.816	35.639	198.37
412.5	11.815	35.639	198.29
413.5	11.813	35.639	198.2
414.5	11.809	35.639	198.12
415.5	11.801	35.64	198.02
416.5	11.791	35.639	197.92
417.5	11.779	35.639	197.8
418.5	11.768	35.637	197.66
419.5	11.761	35.635	197.51
420.5	11.755	35.635	197.37
421.5	11.746	35.635	197.23
422.5	11.735	35.635	197.1
423.4	11.723	35.634	196.98
424.4	11.713	35.633	196.87
425.4	11.707	35.631	196.75
426.4	11.706	35.63	196.63
427.4	11.703	35.629	196.52
428.4	11.699	35.629	196.42
429.4	11.694	35.629	196.32
430.4	11.689	35.629	196.24
431.4	11.682	35.63	196.17
432.4	11.673	35.629	196.1
433.3	11.668	35.627	196.02
434.3	11.664	35.626	195.93
435.3	11.661	35.626	195.83
436.3	11.656	35.626	195.72
437.3	11.649	35.626	195.6
438.3	11.643	35.625	195.48
439.3	11.637	35.625	195.37
440.3	11.632	35.624	195.26
441.3	11.626	35.624	195.15
442.3	11.619	35.624	195.04
443.3	11.616	35.622	194.91
444.2	11.615	35.622	194.78
445.2	11.612	35.622	194.64
446.2	11.607	35.622	194.5
447.2	11.601	35.622	194.37
448.2	11.59	35.623	194.25
449.2	11.576	35.622	194.13
450.2	11.566	35.62	193.99
451.2	11.559	35.619	193.83
452.2	11.552	35.619	193.64
453.2	11.544	35.619	193.43
454.2	11.535	35.618	193.22
455.1	11.531	35.617	193.02
456.1	11.531	35.616	192.84
457.1	11.53	35.617	192.68
458.1	11.529	35.617	192.51
459.1	11.528	35.617	192.31
460.1	11.524	35.617	192.1
461.1	11.518	35.618	191.89
462.1	11.509	35.618	191.7
463.1	11.503	35.617	191.56
464.1	11.499	35.617	191.45
465.0	11.497	35.617	191.36
466.0	11.494	35.618	191.27
467.0	11.492	35.618	191.14
468.0	11.488	35.618	191.01
469.0	11.482	35.618	190.88
470.0	11.478	35.618	190.78
471.0	11.472	35.618	190.73
472.0	11.465	35.618	190.71
473.0	11.46	35.618	190.69
474.0	11.454	35.618	190.66
475.0	11.445	35.618	190.6
475.9	11.435	35.617	190.55
476.9	11.427	35.616	190.52
477.9	11.423	35.616	190.51
478.9	11.42	35.616	190.53
479.9	11.418	35.616	190.56
480.9	11.416	35.616	190.59
481.9	11.412	35.617	190.6
482.9	11.407	35.619	190.59
483.9	11.401	35.62	190.57
484.9	11.394	35.62	190.54
485.8	11.388	35.619	190.5
486.8	11.385	35.619	190.46
487.8	11.382	35.619	190.4
488.8	11.381	35.619	190.34
489.8	11.381	35.62	190.26
490.8	11.382	35.62	190.18
491.8	11.385	35.622	190.08
492.8	11.388	35.624	189.99
493.8	11.39	35.626	189.9
494.8	11.388	35.627	189.82
495.7	11.387	35.627	189.75
496.7	11.387	35.627	189.68
497.7	11.378	35.628	189.61
498.7	11.363	35.627	189.54
499.7	11.354	35.624	189.46
500.7	11.349	35.622	189.38
501.7	11.349	35.622	189.29
502.7	11.355	35.625	189.19
503.7	11.363	35.63	189.07
504.7	11.367	35.633	188.94
505.7	11.369	35.636	188.79
506.6	11.369	35.637	188.64
507.6	11.369	35.637	188.5
508.6	11.367	35.639	188.37
509.6	11.363	35.64	188.25
510.6	11.356	35.64	188.1
511.6	11.348	35.64	187.92
512.6	11.34	35.639	187.72
513.6	11.333	35.639	187.53
514.6	11.329	35.638	187.37
515.6	11.328	35.638	187.24
516.5	11.324	35.638	187.11
517.5	11.32	35.638	186.98
518.5	11.312	35.639	186.81
519.5	11.299	35.638	186.62
520.5	11.292	35.636	186.45
521.5	11.287	35.637	186.34
522.5	11.266	35.639	186.3
523.5	11.245	35.637	186.29
524.5	11.238	35.633	186.28
525.5	11.237	35.632	186.26
526.4	11.237	35.632	186.23
527.4	11.238	35.632	186.2
528.4	11.24	35.633	186.2
529.4	11.241	35.634	186.25
530.4	11.239	35.636	186.32
531.4	11.237	35.636	186.38
532.4	11.237	35.636	186.37
533.4	11.238	35.637	186.31
534.4	11.24	35.639	186.2
535.4	11.232	35.642	186.07
536.3	11.213	35.643	185.93
537.3	11.196	35.64	185.8
538.3	11.183	35.636	185.67
539.3	11.174	35.633	185.53
540.3	11.167	35.632	185.37
541.3	11.153	35.632	185.19
542.3	11.137	35.63	185.01
543.3	11.129	35.627	184.88
544.3	11.13	35.624	184.8
545.3	11.138	35.626	184.76
546.2	11.144	35.631	184.75
547.2	11.142	35.635	184.76
548.2	11.138	35.636	184.77
549.2	11.137	35.637	184.77
550.2	11.136	35.638	184.72
551.2	11.132	35.64	184.65
552.2	11.127	35.641	184.55
553.2	11.123	35.642	184.42
554.2	11.119	35.644	184.28
555.2	11.116	35.645	184.11
556.1	11.115	35.645	183.95
557.1	11.115	35.646	183.76
558.1	11.115	35.646	183.53
559.1	11.115	35.647	183.27
560.1	11.117	35.647	182.99
561.1	11.122	35.648	182.75
562.1	11.128	35.651	182.55
563.1	11.129	35.657	182.41
564.1	11.129	35.66	182.32
565.1	11.129	35.664	182.25
566.0	11.127	35.666	182.16
567.0	11.121	35.666	182.05
568.0	11.117	35.665	181.93
569.0	11.115	35.665	181.84
570.0	11.113	35.665	181.8
571.0	11.109	35.665	181.81
572.0	11.098	35.665	181.84
573.0	11.082	35.663	181.86
574.0	11.066	35.661	181.84
575.0	11.051	35.659	181.79
575.9	11.052	35.655	181.73
576.9	11.073	35.656	181.68
577.9	11.103	35.664	181.67
578.9	11.128	35.677	181.69
579.9	11.143	35.687	181.73
580.9	11.152	35.691	181.75
581.9	11.16	35.694	181.75
582.9	11.167	35.696	181.75
583.9	11.176	35.697	181.75
584.9	11.195	35.699	181.76
585.8	11.214	35.707	181.81
586.8	11.223	35.713	181.88
587.8	11.23	35.716	181.96
588.8	11.241	35.72	182.03
589.8	11.249	35.725	182.09
590.8	11.253	35.729	182.12
591.8	11.252	35.732	182.15
592.8	11.251	35.732	182.18
593.8	11.25	35.732	182.21
594.8	11.251	35.732	182.23
595.7	11.255	35.733	182.24
596.7	11.261	35.736	182.21
597.7	11.27	35.74	182.14
598.7	11.277	35.745	182.03
599.7	11.274	35.75	181.89
600.7	11.255	35.752	181.74
601.7	11.228	35.751	181.6
602.7	11.21	35.745	181.46
603.7	11.204	35.74	181.32
604.7	11.203	35.739	181.17
605.6	11.2	35.738	180.99
606.6	11.198	35.738	180.8
607.6	11.198	35.738	180.62
608.6	11.199	35.738	180.49
609.6	11.199	35.738	180.41
610.6	11.19	35.74	180.36
611.6	11.183	35.74	180.32
612.6	11.172	35.74	180.27
613.6	11.154	35.742	180.2
614.5	11.149	35.742	180.12
615.5	11.151	35.742	180.06
616.5	11.154	35.742	180.03
617.5	11.157	35.744	180.04
618.5	11.158	35.745	180.05
619.5	11.159	35.746	180.03
620.5	11.164	35.748	179.99
621.5	11.163	35.752	179.92
622.5	11.153	35.755	179.85
623.5	11.141	35.753	179.79
624.4	11.131	35.751	179.76
625.4	11.124	35.75	179.74
626.4	11.125	35.748	179.72
627.4	11.124	35.748	179.66
628.4	11.112	35.75	179.57
629.4	11.11	35.751	179.48
630.4	11.119	35.75	179.4
631.4	11.134	35.752	179.34
632.4	11.151	35.759	179.3
633.4	11.157	35.767	179.28
634.3	11.151	35.769	179.26
635.3	11.139	35.767	179.23
636.3	11.136	35.769	179.19
637.3	11.136	35.771	179.17
638.3	11.129	35.773	179.15
639.3	11.121	35.773	179.15
640.3	11.117	35.771	179.15
641.3	11.121	35.77	179.14
642.3	11.128	35.774	179.11
643.3	11.123	35.777	179.08
644.2	11.115	35.777	179.03
645.2	11.112	35.776	178.97
646.2	11.111	35.776	178.89
647.2	11.109	35.775	178.8
648.2	11.107	35.775	178.7
649.2	11.105	35.775	178.61
650.2	11.095	35.776	178.54
651.2	11.095	35.776	178.49
652.2	11.107	35.778	178.46
653.1	11.116	35.782	178.41
654.1	11.127	35.785	178.35
655.1	11.144	35.792	178.28
656.1	11.146	35.801	178.22
657.1	11.134	35.803	178.17
658.1	11.127	35.801	178.15
659.1	11.124	35.799	178.14
660.1	11.124	35.799	178.14
661.1	11.127	35.799	178.1
662.1	11.128	35.801	178.03
663.0	11.125	35.802	177.94
664.0	11.118	35.802	177.85
665.0	11.11	35.801	177.8
666.0	11.104	35.801	177.77
667.0	11.096	35.799	177.76
668.0	11.091	35.798	177.75
669.0	11.088	35.797	177.72
670.0	11.083	35.796	177.67
671.0	11.078	35.796	177.61
671.9	11.074	35.795	177.56
672.9	11.074	35.794	177.55
673.9	11.074	35.796	177.57
674.9	11.071	35.797	177.61
675.9	11.069	35.797	177.63
676.9	11.074	35.798	177.62
677.9	11.087	35.8	177.58
678.9	11.105	35.806	177.52
679.9	11.111	35.812	177.47
680.9	11.1	35.816	177.43
681.8	11.07	35.815	177.42
682.8	11.041	35.807	177.39
683.8	11.014	35.8	177.35
684.8	10.977	35.799	177.27
685.8	10.946	35.796	177.16
686.8	10.926	35.789	177.04
687.8	10.92	35.785	176.92
688.8	10.916	35.784	176.8
689.8	10.904	35.786	176.67
690.7	10.881	35.787	176.53
691.7	10.861	35.785	176.38
692.7	10.848	35.783	176.2
693.7	10.846	35.781	176.01
694.7	10.843	35.781	175.79
695.7	10.831	35.782	175.56
696.7	10.823	35.781	175.33
697.7	10.818	35.781	175.12
698.7	10.811	35.781	174.93
699.6	10.805	35.78	174.77
700.6	10.801	35.779	174.64
701.6	10.81	35.777	174.54
702.6	10.814	35.778	174.43
703.6	10.809	35.781	174.32
704.6	10.799	35.779	174.21
705.6	10.797	35.778	174.14
706.6	10.798	35.779	174.11
707.6	10.8	35.783	174.12
708.6	10.806	35.786	174.14
709.5	10.812	35.79	174.16
710.5	10.813	35.792	174.17
711.5	10.811	35.793	174.15
712.5	10.808	35.795	174.12
713.5	10.801	35.797	174.12
714.5	10.786	35.799	174.15
715.5	10.769	35.798	174.21
716.5	10.751	35.797	174.27
717.5	10.735	35.796	174.31
718.4	10.725	35.795	174.33
719.4	10.717	35.795	174.33
720.4	10.709	35.794	174.33
721.4	10.703	35.793	174.34
722.4	10.699	35.792	174.35
723.4	10.696	35.792	174.35
724.4	10.693	35.791	174.33
725.4	10.689	35.791	174.29
726.4	10.677	35.793	174.24
727.3	10.658	35.791	174.17
728.3	10.647	35.787	174.09
729.3	10.643	35.786	174.01
730.3	10.638	35.785	173.91
731.3	10.633	35.784	173.8
732.3	10.631	35.783	173.68
733.3	10.628	35.784	173.58
734.3	10.62	35.786	173.49
735.3	10.612	35.786	173.42
736.3	10.616	35.786	173.35
737.2	10.625	35.789	173.28
738.2	10.63	35.794	173.21
739.2	10.63	35.797	173.12
740.2	10.627	35.798	173.04
741.2	10.625	35.798	172.97
742.2	10.623	35.799	172.91
743.2	10.619	35.8	172.87
744.2	10.617	35.8	172.83
745.2	10.616	35.801	172.79
746.1	10.615	35.801	172.73
747.1	10.611	35.801	172.66
748.1	10.61	35.802	172.6
749.1	10.609	35.802	172.57
750.1	10.609	35.802	172.58
751.1	10.608	35.803	172.62
752.1	10.606	35.805	172.67
753.1	10.605	35.807	172.74
754.1	10.606	35.809	172.8
755.0	10.608	35.811	172.86
756.0	10.61	35.814	172.92
757.0	10.61	35.815	172.99
758.0	10.61	35.815	173.08
759.0	10.61	35.815	173.16
760.0	10.61	35.815	173.23
761.0	10.61	35.815	173.27
762.0	10.609	35.816	173.28
763.0	10.606	35.817	173.29
763.9	10.601	35.817	173.28
764.9	10.597	35.819	173.26
765.9	10.595	35.819	173.23
766.9	10.595	35.819	173.18
767.9	10.595	35.819	173.11
768.9	10.595	35.819	173.03
769.9	10.594	35.82	172.95
770.9	10.592	35.822	172.89
771.9	10.588	35.825	172.85
772.8	10.585	35.826	172.82
773.8	10.584	35.827	172.77
774.8	10.582	35.828	172.7
775.8	10.581	35.828	172.63
776.8	10.58	35.828	172.58
777.8	10.576	35.83	172.55
778.8	10.574	35.832	172.54
779.8	10.574	35.832	172.55
780.8	10.571	35.834	172.56
781.7	10.566	35.836	172.56
782.7	10.56	35.838	172.52
783.7	10.552	35.841	172.47
784.7	10.546	35.844	172.44
785.7	10.542	35.846	172.45
786.7	10.54	35.847	172.5
787.7	10.54	35.848	172.57
788.7	10.538	35.849	172.65
789.7	10.538	35.849	172.73
790.6	10.539	35.85	172.81
791.6	10.541	35.851	172.88
792.6	10.539	35.854	172.96
793.6	10.529	35.855	173.07
794.6	10.52	35.854	173.2
795.6	10.515	35.853	173.34
796.6	10.511	35.853	173.46
797.6	10.507	35.852	173.55
798.6	10.503	35.852	173.59
799.5	10.497	35.852	173.6
800.5	10.487	35.853	173.58
801.5	10.479	35.853	173.55
802.5	10.471	35.853	173.52
803.5	10.47	35.853	173.5
804.5	10.469	35.854	173.48
805.5	10.468	35.854	173.42
806.5	10.469	35.853	173.35
807.5	10.468	35.854	173.27
808.4	10.465	35.855	173.22
809.4	10.457	35.856	173.2
810.4	10.455	35.854	173.21
811.4	10.458	35.854	173.25
812.4	10.461	35.856	173.31
813.4	10.463	35.858	173.36
814.4	10.466	35.86	173.4
815.4	10.473	35.862	173.42
816.4	10.482	35.866	173.46
817.3	10.489	35.869	173.53
818.3	10.493	35.871	173.61
819.3	10.498	35.874	173.69
820.3	10.5	35.875	173.76
821.3	10.501	35.876	173.79
822.3	10.502	35.876	173.79
823.3	10.509	35.876	173.76
824.3	10.517	35.878	173.73
825.3	10.517	35.881	173.72
826.2	10.516	35.881	173.73
827.2	10.52	35.882	173.75
828.2	10.524	35.883	173.75
829.2	10.531	35.885	173.72
830.2	10.535	35.888	173.68
831.2	10.536	35.892	173.66
832.2	10.535	35.894	173.66
833.2	10.534	35.894	173.71
834.2	10.534	35.894	173.79
835.1	10.534	35.894	173.89
836.1	10.532	35.894	173.98
837.1	10.532	35.894	174.04
838.1	10.531	35.894	174.07
839.1	10.528	35.894	174.11
840.1	10.525	35.894	174.16
841.1	10.524	35.892	174.21
842.1	10.523	35.892	174.27
843.1	10.522	35.893	174.32
844.0	10.521	35.893	174.36
845.0	10.517	35.894	174.36
846.0	10.51	35.897	174.34
847.0	10.511	35.897	174.31
848.0	10.513	35.899	174.3
849.0	10.515	35.9	174.31
850.0	10.514	35.902	174.35
851.0	10.512	35.904	174.4
852.0	10.51	35.905	174.45
852.9	10.509	35.906	174.48
853.9	10.508	35.906	174.5
854.9	10.507	35.906	174.52
855.9	10.508	35.907	174.56
856.9	10.508	35.909	174.64
857.9	10.507	35.912	174.75
858.9	10.505	35.913	174.86
859.9	10.502	35.914	174.97
860.8	10.501	35.915	175.07
861.8	10.51	35.918	175.15
862.8	10.518	35.923	175.21
863.8	10.518	35.926	175.27
864.8	10.519	35.926	175.33
865.8	10.518	35.927	175.37
866.8	10.516	35.929	175.4
867.8	10.517	35.928	175.41
868.8	10.52	35.93	175.41
869.7	10.521	35.931	175.39
870.7	10.521	35.932	175.36
871.7	10.518	35.933	175.32
872.7	10.513	35.933	175.29
873.7	10.508	35.934	175.3
874.7	10.506	35.938	175.33
875.7	10.505	35.94	175.38
876.7	10.503	35.941	175.43
877.7	10.502	35.941	175.47
878.6	10.501	35.941	175.51
879.6	10.499	35.942	175.55
880.6	10.494	35.944	175.6
881.6	10.49	35.944	175.67
882.6	10.484	35.944	175.75
883.6	10.482	35.945	175.82
884.6	10.483	35.946	175.85
885.6	10.485	35.946	175.87
886.5	10.486	35.946	175.91
887.5	10.488	35.947	175.97
888.5	10.493	35.948	176.06
889.5	10.502	35.95	176.17
890.5	10.511	35.953	176.27
891.5	10.519	35.956	176.36
892.5	10.529	35.958	176.44
893.5	10.536	35.962	176.52
894.5	10.534	35.966	176.6
895.4	10.531	35.965	176.69
896.4	10.534	35.965	176.77
897.4	10.539	35.966	176.83
898.4	10.54	35.968	176.86
899.4	10.534	35.969	176.88
900.4	10.527	35.968	176.9
901.4	10.518	35.966	176.92
902.4	10.509	35.964	176.92
903.4	10.503	35.962	176.92
904.3	10.501	35.96	176.9
905.3	10.502	35.96	176.88
906.3	10.506	35.96	176.85
907.3	10.51	35.962	176.85
908.3	10.514	35.964	176.85
909.3	10.519	35.966	176.85
910.3	10.528	35.968	176.83
911.3	10.539	35.971	176.78
912.2	10.547	35.975	176.7
913.2	10.55	35.977	176.61
914.2	10.553	35.978	176.54
915.2	10.557	35.98	176.48
916.2	10.556	35.983	176.44
917.2	10.551	35.984	176.4
918.2	10.545	35.983	176.35
919.2	10.543	35.982	176.29
920.2	10.545	35.983	176.21
921.1	10.549	35.984	176.16
922.1	10.551	35.985	176.15
923.1	10.551	35.986	176.2
924.1	10.553	35.987	176.29
925.1	10.554	35.987	176.38
926.1	10.559	35.988	176.45
927.1	10.565	35.99	176.51
928.1	10.572	35.993	176.55
929.0	10.577	35.997	176.61
930.0	10.578	35.999	176.69
931.0	10.572	36.0	176.79
932.0	10.568	36.0	176.88
933.0	10.565	35.999	176.94
934.0	10.556	35.999	176.96
935.0	10.547	35.998	176.96
936.0	10.545	35.995	176.95
937.0	10.546	35.996	176.96
937.9	10.54	35.998	176.99
938.9	10.525	35.997	177.02
939.9	10.509	35.993	177.05
940.9	10.504	35.989	177.07
941.9	10.509	35.987	177.06
942.9	10.545	35.99	177.05
943.9	10.579	35.999	177.03
944.9	10.595	36.011	177.02
945.8	10.606	36.015	177.0
946.8	10.613	36.019	176.99
947.8	10.604	36.027	176.99
948.8	10.582	36.026	176.99
949.8	10.574	36.021	176.97
950.8	10.577	36.02	176.93
951.8	10.589	36.022	176.86
952.8	10.597	36.027	176.81
953.8	10.597	36.03	176.79
954.7	10.593	36.031	176.79
955.7	10.596	36.029	176.81
956.7	10.606	36.033	176.84
957.7	10.614	36.037	176.84
958.7	10.621	36.04	176.82
959.7	10.627	36.041	176.78
960.7	10.634	36.043	176.76
961.7	10.641	36.045	176.78
962.6	10.647	36.047	176.85
963.6	10.663	36.052	176.91
964.6	10.683	36.058	176.96
965.6	10.71	36.067	176.98
966.6	10.72	36.075	177.0
967.6	10.723	36.081	177.03
968.6	10.724	36.083	177.08
969.6	10.725	36.085	177.17
970.5	10.728	36.087	177.26
971.5	10.73	36.087	177.34
972.5	10.734	36.088	177.38
973.5	10.735	36.089	177.41
974.5	10.734	36.089	177.46
975.5	10.734	36.09	177.52
976.5	10.734	36.09	177.59
977.5	10.736	36.091	177.64
978.5	10.74	36.092	177.66
979.4	10.743	36.093	177.64
980.4	10.74	36.096	177.62
981.4	10.729	36.096	177.62
982.4	10.749	36.093	177.62
983.4	10.786	36.103	177.63
984.4	10.816	36.108	177.63
985.4	10.857	36.115	177.61
986.4	10.896	36.138	177.58
987.3	10.902	36.144	177.57
988.3	10.916	36.149	177.59
989.3	10.924	36.157	177.66
990.3	10.922	36.16	177.74
991.3	10.92	36.159	177.82
992.3	10.918	36.158	177.89
993.3	10.918	36.158	177.98
994.3	10.919	36.158	178.08
995.2	10.92	36.159	178.2
996.2	10.914	36.161	178.33
997.2	10.906	36.157	178.46
998.2	10.903	36.152	178.58
999.2	10.91	36.155	178.68
1000.2	10.907	36.158	178.77
1001.2	10.878	36.156	178.85
1002.2	10.836	36.144	178.95
1003.2	10.849	36.137	179.04
1004.1	10.913	36.146	179.13
1005.1	10.969	36.171	179.21
1006.1	10.973	36.186	179.29
1007.1	10.952	36.186	179.36
1008.1	10.938	36.181	179.41
1009.1	10.941	36.178	179.46
1010.1	10.941	36.177	179.51
1011.1	10.93	36.179	179.55
1012.0	10.914	36.176	179.59
1013.0	10.908	36.172	179.63
1014.0	10.906	36.171	179.67
1015.0	10.911	36.17	179.7
1016.0	10.926	36.173	179.71
1017.0	10.945	36.179	179.71
1018.0	10.957	36.185	179.71
1019.0	10.957	36.189	179.72
1019.9	10.956	36.189	179.74
1020.9	10.956	36.189	179.76
1021.9	10.96	36.189	179.78
1022.9	10.971	36.192	179.79
1023.9	10.976	36.194	179.77
1024.9	10.977	36.194	179.73
1025.9	10.98	36.195	179.67
1026.9	10.982	36.197	179.62
1027.8	10.982	36.197	179.59
1028.8	10.983	36.197	179.56
1029.8	10.984	36.198	179.54
1030.8	10.987	36.199	179.51
1031.8	10.989	36.2	179.47
1032.8	10.99	36.2	179.42
1033.8	10.985	36.203	179.37
1034.8	10.972	36.206	179.37
1035.7	10.954	36.203	179.41
1036.7	10.942	36.197	179.49
1037.7	10.932	36.193	179.58
1038.7	10.928	36.191	179.67
1039.7	10.927	36.189	179.75
1040.7	10.931	36.19	179.83
1041.7	10.936	36.192	179.91
1042.7	10.938	36.193	180.0
1043.7	10.939	36.194	180.07
1044.6	10.941	36.195	180.11
1045.6	10.942	36.195	180.12
1046.6	10.942	36.195	180.09
1047.6	10.944	36.194	180.04
1048.6	10.955	36.195	179.98
1049.6	10.966	36.2	179.92
1050.6	10.966	36.204	179.85
1051.6	10.969	36.204	179.76
1052.5	10.976	36.205	179.65
1053.5	10.977	36.206	179.55
1054.5	10.981	36.206	179.48
1055.5	10.989	36.209	179.46
1056.5	11.0	36.212	179.47
1057.5	11.013	36.217	179.51
1058.5	11.03	36.222	179.55
1059.5	11.05	36.228	179.59
1060.4	11.066	36.234	179.64
1061.4	11.078	36.236	179.7
1062.4	11.099	36.24	179.79
1063.4	11.145	36.248	179.9
1064.4	11.202	36.26	180.03
1065.4	11.248	36.277	180.15
1066.4	11.297	36.296	180.25
1067.4	11.315	36.308	180.35
1068.3	11.32	36.314	180.44
1069.3	11.33	36.314	180.53
1070.3	11.36	36.317	180.62
1071.3	11.407	36.327	180.68
1072.3	11.44	36.343	180.73
1073.3	11.45	36.352	180.77
1074.3	11.457	36.356	180.8
1075.3	11.461	36.359	180.81
1076.2	11.461	36.36	180.83
1077.2	11.461	36.36	180.82
1078.2	11.461	36.361	180.79
1079.2	11.462	36.361	180.72
1080.2	11.463	36.361	180.63
1081.2	11.463	36.36	180.54
1082.2	11.462	36.361	180.46
1083.2	11.457	36.363	180.4
1084.1	11.449	36.364	180.36
1085.1	11.446	36.362	180.31
1086.1	11.45	36.361	180.24
1087.1	11.463	36.362	180.15
1088.1	11.487	36.366	180.08
1089.1	11.498	36.37	180.05
1090.1	11.511	36.374	180.07
1091.1	11.542	36.383	180.14
1092.0	11.559	36.394	180.22
1093.0	11.572	36.399	180.28
1094.0	11.594	36.404	180.34
1095.0	11.617	36.411	180.4
1096.0	11.636	36.417	180.5
1097.0	11.654	36.423	180.63
1098.0	11.654	36.431	180.78
1099.0	11.648	36.435	180.93
1099.9	11.641	36.434	181.03
1100.9	11.627	36.429	181.08
1101.9	11.617	36.426	181.11
1102.9	11.606	36.428	181.14
1103.9	11.586	36.425	181.2
1104.9	11.578	36.419	181.25
1105.9	11.578	36.417	181.29
1106.9	11.578	36.417	181.28
1107.8	11.578	36.416	181.23
1108.8	11.582	36.416	181.16
1109.8	11.588	36.418	181.12
1110.8	11.589	36.421	181.12
1111.8	11.588	36.422	181.17
1112.8	11.591	36.423	181.24
1113.8	11.594	36.424	181.3
1114.8	11.597	36.425	181.36
1115.7	11.602	36.427	181.4
1116.7	11.602	36.428	181.48
1117.7	11.596	36.429	181.58
1118.7	11.582	36.428	181.73
1119.7	11.571	36.424	181.89
1120.7	11.569	36.421	182.03
1121.7	11.571	36.421	182.13
1122.7	11.578	36.422	182.2
1123.6	11.585	36.424	182.24
1124.6	11.589	36.426	182.29
1125.6	11.589	36.427	182.35
1126.6	11.589	36.427	182.43
1127.6	11.589	36.428	182.5
1128.6	11.59	36.427	182.55
1129.6	11.59	36.427	182.6
1130.5	11.586	36.429	182.64
1131.5	11.563	36.43	182.7
1132.5	11.519	36.424	182.78
1133.5	11.459	36.411	182.89
1134.5	11.397	36.397	183.0
1135.5	11.362	36.382	183.11
1136.5	11.349	36.372	183.2
1137.5	11.348	36.37	183.27
1138.4	11.343	36.369	183.33
1139.4	11.339	36.367	183.37
1140.4	11.339	36.366	183.4
1141.4	11.338	36.367	183.42
1142.4	11.336	36.366	183.42
1143.4	11.337	36.366	183.42
1144.4	11.344	36.367	183.42
1145.4	11.366	36.37	183.41
1146.3	11.39	36.378	183.41
1147.3	11.405	36.385	183.41
1148.3	11.4	36.389	183.4
1149.3	11.361	36.387	183.39
1150.3	11.318	36.378	183.39
1151.3	11.281	36.372	183.4
1152.3	11.184	36.363	183.42
1153.3	11.123	36.339	183.45
1154.2	11.125	36.325	183.48
1155.2	11.121	36.323	183.49
1156.2	11.108	36.322	183.48
1157.2	11.091	36.317	183.46
1158.2	11.08	36.313	183.43
1159.2	11.063	36.313	183.43
1160.2	11.041	36.308	183.45
1161.2	11.028	36.302	183.48
1162.1	11.013	36.298	183.52
1163.1	11.001	36.294	183.54
1164.1	10.988	36.291	183.54
1165.1	10.975	36.288	183.53
1166.1	10.967	36.285	183.53
1167.1	10.973	36.282	183.56
1168.1	11.001	36.283	183.62
1169.1	11.022	36.293	183.7
1170.0	11.031	36.303	183.77
1171.0	11.037	36.304	183.82
1172.0	11.04	36.306	183.86
1173.0	11.042	36.307	183.89
1174.0	11.041	36.308	183.95
1175.0	11.039	36.307	184.04
1176.0	11.035	36.307	184.15
1176.9	11.03	36.307	184.27
1177.9	11.019	36.306	184.38
1178.9	11.005	36.303	184.48
1179.9	10.987	36.301	184.57
1180.9	10.952	36.299	184.68
1181.9	10.908	36.288	184.82
1182.9	10.859	36.273	184.98
1183.9	10.819	36.261	185.13
1184.8	10.786	36.252	185.26
1185.8	10.741	36.245	185.38
1186.8	10.673	36.237	185.48
1187.8	10.579	36.222	185.59
1188.8	10.526	36.203	185.71
1189.8	10.514	36.188	185.84
1190.8	10.507	36.182	185.96
1191.8	10.495	36.181	186.06
1192.7	10.477	36.18	186.14
1193.7	10.457	36.178	186.22
1194.7	10.44	36.172	186.29
1195.7	10.437	36.167	186.39
1196.7	10.438	36.166	186.49
1197.7	10.443	36.165	186.59
1198.7	10.461	36.168	186.67
1199.6	10.479	36.176	186.73
1200.6	10.482	36.18	186.77
1201.6	10.481	36.181	186.8
1202.6	10.479	36.18	186.82
1203.6	10.484	36.179	186.83
1204.6	10.498	36.181	186.84
1205.6	10.518	36.187	186.83
1206.6	10.531	36.191	186.81
1207.5	10.548	36.195	186.78
1208.5	10.576	36.199	186.72
1209.5	10.603	36.206	186.65
1210.5	10.621	36.215	186.58
1211.5	10.63	36.22	186.52
1212.5	10.638	36.223	186.45
1213.5	10.643	36.226	186.39
1214.5	10.646	36.227	186.32
1215.4	10.647	36.228	186.23
1216.4	10.652	36.227	186.11
1217.4	10.672	36.228	185.99
1218.4	10.706	36.231	185.87
1219.4	10.75	36.244	185.76
1220.4	10.801	36.266	185.67
1221.4	10.81	36.272	185.59
1222.3	10.813	36.275	185.48
1223.3	10.817	36.276	185.36
1224.3	10.819	36.276	185.23
1225.3	10.822	36.276	185.11
1226.3	10.827	36.276	185.01
1227.3	10.856	36.281	184.94
1228.3	10.929	36.298	184.89
1229.3	10.995	36.318	184.85
1230.2	11.035	36.333	184.79
1231.2	11.078	36.345	184.71
1232.2	11.092	36.355	184.64
1233.2	11.094	36.361	184.58
1234.2	11.09	36.362	184.54
1235.2	11.086	36.362	184.53
1236.2	11.085	36.36	184.53
1237.1	11.085	36.36	184.51
1238.1	11.084	36.36	184.47
1239.1	11.084	36.36	184.41
1240.1	11.084	36.36	184.34
1241.1	11.083	36.359	184.28
1242.1	11.082	36.359	184.26
1243.1	11.08	36.359	184.27
1244.1	11.077	36.359	184.29
1245.0	11.075	36.359	184.31
1246.0	11.063	36.359	184.31
1247.0	11.043	36.356	184.3
1248.0	11.033	36.351	184.32
1249.0	11.028	36.351	184.37
1250.0	11.018	36.349	184.47
1251.0	11.005	36.346	184.59
1252.0	10.992	36.341	184.73
1252.9	10.987	36.339	184.86
1253.9	10.978	36.338	184.97
1254.9	10.962	36.337	185.08
1255.9	10.944	36.333	185.21
1256.9	10.935	36.329	185.37
1257.9	10.932	36.326	185.54
1258.9	10.935	36.326	185.72
1259.8	10.938	36.327	185.89
1260.8	10.941	36.328	186.03
1261.8	10.946	36.329	186.15
1262.8	10.952	36.331	186.25
1263.8	10.958	36.333	186.34
1264.8	10.965	36.335	186.43
1265.8	10.973	36.338	186.5
1266.8	10.986	36.341	186.55
1267.7	10.998	36.347	186.58
1268.7	11.009	36.351	186.59
1269.7	11.019	36.354	186.58
1270.7	11.025	36.357	186.56
1271.7	11.029	36.359	186.53
1272.7	11.033	36.361	186.5
1273.7	11.037	36.362	186.45
1274.6	11.041	36.363	186.4
1275.6	11.043	36.364	186.34
1276.6	11.044	36.365	186.28
1277.6	11.044	36.365	186.22
1278.6	11.042	36.365	186.17
1279.6	11.042	36.365	186.11
1280.6	11.04	36.365	186.05
1281.5	11.037	36.364	185.97
1282.5	11.037	36.364	185.89
1283.5	11.042	36.363	185.82
1284.5	11.055	36.365	185.76
1285.5	11.07	36.369	185.71
1286.5	11.085	36.374	185.66
1287.5	11.102	36.379	185.62
1288.5	11.116	36.385	185.57
1289.4	11.123	36.388	185.51
1290.4	11.131	36.388	185.44
1291.4	11.149	36.389	185.37
1292.4	11.175	36.394	185.32
1293.4	11.193	36.402	185.31
1294.4	11.204	36.409	185.34
1295.4	11.213	36.414	185.38
1296.3	11.222	36.418	185.45
1297.3	11.23	36.422	185.52
1298.3	11.234	36.423	185.59
1299.3	11.242	36.423	185.68
1300.3	11.268	36.424	185.8
1301.3	11.296	36.433	185.96
1302.3	11.308	36.442	186.14
1303.3	11.309	36.446	186.35
1304.2	11.334	36.451	186.56
1305.2	11.393	36.467	186.75
1306.2	11.419	36.484	186.94
1307.2	11.408	36.491	187.11
1308.2	11.391	36.489	187.3
1309.2	11.382	36.488	187.5
1310.2	11.376	36.489	187.71
1311.1	11.372	36.488	187.94
1312.1	11.367	36.488	188.16
1313.1	11.362	36.486	188.36
1314.1	11.358	36.485	188.55
1315.1	11.352	36.484	188.71
1316.1	11.348	36.483	188.87
1317.1	11.344	36.484	189.03
1318.1	11.332	36.485	189.2
1319.0	11.313	36.483	189.37
1320.0	11.293	36.479	189.54
1321.0	11.27	36.475	189.67
1322.0	11.249	36.469	189.78
1323.0	11.23	36.464	189.86
1324.0	11.201	36.464	189.94
1325.0	11.163	36.46	190.02
1325.9	11.142	36.451	190.11
1326.9	11.136	36.444	190.21
1327.9	11.131	36.442	190.29
1328.9	11.134	36.442	190.34
1329.9	11.139	36.44	190.37
1330.9	11.157	36.44	190.38
1331.9	11.186	36.448	190.4
1332.8	11.195	36.458	190.43
1333.8	11.192	36.463	190.49
1334.8	11.189	36.464	190.54
1335.8	11.193	36.462	190.59
1336.8	11.201	36.463	190.6
1337.8	11.212	36.465	190.59
1338.8	11.238	36.467	190.57
1339.7	11.276	36.474	190.55
1340.7	11.299	36.486	190.56
1341.7	11.301	36.495	190.59
1342.7	11.292	36.498	190.62
1343.7	11.294	36.497	190.64
1344.7	11.3	36.497	190.62
1345.7	11.29	36.499	190.58
1346.7	11.258	36.496	190.54
1347.6	11.235	36.487	190.52
1348.6	11.238	36.482	190.53
1349.6	11.247	36.481	190.55
1350.6	11.259	36.484	190.59
1351.6	11.271	36.488	190.63
1352.6	11.277	36.49	190.64
1353.6	11.294	36.494	190.65
1354.5	11.313	36.498	190.67
1355.5	11.318	36.5	190.73
1356.5	11.324	36.501	190.83
1357.5	11.329	36.504	190.96
1358.5	11.328	36.507	191.1
1359.5	11.321	36.507	191.24
1360.5	11.309	36.506	191.35
1361.4	11.282	36.507	191.45
1362.4	11.23	36.505	191.55
1363.4	11.16	36.492	191.66
1364.4	11.107	36.473	191.76
1365.4	11.125	36.465	191.86
1366.4	11.206	36.476	191.94
1367.4	11.257	36.493	191.99
1368.4	11.277	36.506	192.01
1369.3	11.286	36.51	192.0
1370.3	11.287	36.514	191.98
1371.3	11.279	36.516	191.97
1372.3	11.274	36.514	191.96
1373.3	11.273	36.512	191.97
1374.3	11.276	36.512	191.99
1375.3	11.283	36.514	192.01
1376.2	11.292	36.516	192.02
1377.2	11.304	36.519	192.02
1378.2	11.32	36.523	192.03
1379.2	11.333	36.526	192.06
1380.2	11.346	36.53	192.12
1381.2	11.349	36.534	192.2
1382.2	11.347	36.537	192.28
1383.1	11.347	36.536	192.36
1384.1	11.351	36.535	192.42
1385.1	11.359	36.536	192.47
1386.1	11.365	36.538	192.54
1387.1	11.368	36.541	192.62
1388.1	11.365	36.542	192.72
1389.1	11.356	36.541	192.82
1390.0	11.344	36.537	192.91
1391.0	11.335	36.534	192.96
1392.0	11.326	36.533	192.99
1393.0	11.311	36.532	193.0
1394.0	11.291	36.528	193.01
1395.0	11.272	36.523	193.02
1396.0	11.265	36.518	193.03
1396.9	11.266	36.516	193.04
1397.9	11.267	36.516	193.04
1398.9	11.265	36.516	193.02
1399.9	11.253	36.517	192.99
1400.9	11.227	36.516	192.98
1401.9	11.202	36.509	193.0
1402.9	11.19	36.503	193.06
1403.8	11.177	36.501	193.16
1404.8	11.169	36.496	193.29
1405.8	11.169	36.492	193.43
1406.8	11.152	36.492	193.57
1407.8	11.098	36.484	193.71
1408.8	11.039	36.475	193.87
1409.8	10.961	36.466	194.06
1410.8	10.866	36.445	194.27
1411.7	10.854	36.423	194.49
1412.7	10.882	36.417	194.69
1413.7	10.907	36.422	194.88
1414.7	10.833	36.425	195.05
1415.7	10.664	36.408	195.21
1416.7	10.554	36.375	195.37
1417.7	10.527	36.353	195.54
1418.6	10.528	36.342	195.72
1419.6	10.532	36.34	195.89
1420.6	10.524	36.342	196.03
1421.6	10.501	36.339	196.16
1422.6	10.47	36.333	196.28
1423.6	10.424	36.334	196.41
1424.6	10.346	36.323	196.54
1425.5	10.272	36.298	196.68
1426.5	10.239	36.279	196.81
1427.5	10.229	36.273	196.92
1428.5	10.222	36.27	197.02
1429.5	10.221	36.268	197.13
1430.5	10.21	36.264	197.25
1431.5	10.187	36.257	197.4
1432.4	10.163	36.252	197.55
1433.4	10.121	36.247	197.71
1434.4	10.077	36.242	197.87
1435.4	10.03	36.242	198.03
1436.4	9.943	36.232	198.19
1437.4	9.904	36.209	198.36
1438.4	9.925	36.197	198.53
1439.3	9.895	36.193	198.7
1440.3	9.841	36.184	198.86
1441.3	9.817	36.176	198.99
1442.3	9.812	36.172	199.09
1443.3	9.81	36.171	199.18
1444.3	9.808	36.171	199.25
1445.3	9.799	36.171	199.31
1446.2	9.781	36.17	199.36
1447.2	9.756	36.165	199.39
1448.2	9.731	36.159	199.41
1449.2	9.711	36.154	199.42
1450.2	9.69	36.15	199.42
1451.2	9.666	36.149	199.43
1452.2	9.632	36.144	199.46
1453.1	9.61	36.135	199.5
1454.1	9.607	36.128	199.55
1455.1	9.582	36.125	199.61
1456.1	9.548	36.12	199.67
1457.1	9.532	36.117	199.75
1458.1	9.511	36.115	199.83
1459.1	9.494	36.108	199.93
1460.0	9.492	36.101	200.04
1461.0	9.486	36.101	200.14
1462.0	9.451	36.103	200.23
1463.0	9.408	36.098	200.31
1464.0	9.388	36.089	200.39
1465.0	9.378	36.082	200.48
1466.0	9.365	36.08	200.57
1466.9	9.355	36.077	200.67
1467.9	9.348	36.074	200.75
1468.9	9.343	36.073	200.82
1469.9	9.329	36.074	200.9
1470.9	9.288	36.074	201.0
1471.9	9.224	36.063	201.12
1472.9	9.173	36.046	201.26
1473.8	9.149	36.036	201.41
1474.8	9.124	36.031	201.55
1475.8	9.086	36.024	201.67
1476.8	9.039	36.015	201.78
1477.8	9.011	36.007	201.9
1478.8	8.998	36.003	202.03
1479.8	8.976	35.998	202.17
1480.7	8.958	35.991	202.3
1481.7	8.952	35.988	202.42
1482.7	8.947	35.987	202.51
1483.7	8.941	35.985	202.57
1484.7	8.923	35.983	202.61
1485.7	8.891	35.98	202.67
1486.7	8.872	35.974	202.76
1487.6	8.866	35.97	202.86
1488.6	8.852	35.968	202.96
1489.6	8.833	35.965	203.04
1490.6	8.814	35.961	203.1
1491.6	8.786	35.955	203.15
1492.6	8.748	35.95	203.21
1493.6	8.714	35.944	203.31
1494.5	8.703	35.939	203.44
1495.5	8.693	35.934	203.57
1496.5	8.662	35.929	203.7
1497.5	8.645	35.925	203.81
1498.5	8.645	35.924	203.91
1499.5	8.636	35.924	204.02
1500.5	8.619	35.921	204.14
1501.4	8.607	35.917	204.27
1502.4	8.608	35.916	204.41
1503.4	8.61	35.917	204.53
1504.4	8.607	35.918	204.61
1505.4	8.598	35.917	204.68
1506.4	8.587	35.914	204.73
1507.4	8.581	35.912	204.78
1508.3	8.547	35.906	204.84
1509.3	8.512	35.9	204.89
1510.3	8.478	35.894	204.94
1511.3	8.444	35.888	204.99
1512.3	8.47	35.888	205.04
1513.3	8.455	35.887	205.09
1514.3	8.401	35.883	205.14
1515.2	8.358	35.876	205.22
1516.2	8.337	35.867	205.32
1517.2	8.335	35.862	205.44
1518.2	8.343	35.861	205.57
1519.2	8.337	35.861	205.71
1520.2	8.318	35.861	205.85
1521.2	8.305	35.86	206.0
1522.1	8.285	35.856	206.14
1523.1	8.245	35.848	206.27
1524.1	8.222	35.84	206.41
1525.1	8.217	35.834	206.55
1526.1	8.197	35.833	206.66
1527.1	8.174	35.831	206.76
1528.0	8.165	35.827	206.85
1529.0	8.163	35.825	206.94
1530.0	8.165	35.824	207.05
1531.0	8.142	35.82	207.15
1532.0	8.119	35.816	207.26
1533.0	8.096	35.812	207.38
1534.0	8.073	35.808	207.51
1534.9	8.071	35.806	207.67
1535.9	8.072	35.804	207.88
1536.9	8.074	35.802	208.11
1537.9	7.994	35.791	208.37
1538.9	7.812	35.768	208.61
1539.9	7.706	35.751	208.85
1540.9	7.689	35.739	209.07
1541.8	7.666	35.729	209.29
1542.8	7.652	35.724	209.53
1543.8	7.653	35.72	209.78
1544.8	7.652	35.719	210.03
1545.8	7.616	35.714	210.24
1546.8	7.567	35.704	210.41
1547.8	7.551	35.7	210.53
1548.7	7.55	35.699	210.65
1549.7	7.547	35.699	210.77
1550.7	7.545	35.699	210.9
1551.7	7.544	35.698	211.02
1552.7	7.543	35.698	211.13
1553.7	7.539	35.698	211.21
1554.7	7.53	35.697	211.25
1555.6	7.519	35.694	211.27
1556.6	7.511	35.693	211.32
1557.6	7.503	35.69	211.39
1558.6	7.487	35.686	211.5
1559.6	7.45	35.682	211.6
1560.6	7.409	35.675	211.68
1561.6	7.398	35.67	211.73
1562.5	7.396	35.669	211.77
1563.5	7.391	35.669	211.79
1564.5	7.382	35.669	211.83
1565.5	7.37	35.666	211.88
1566.5	7.366	35.664	211.94
1567.5	7.362	35.662	211.97
1568.4	7.341	35.661	211.98
1569.4	7.313	35.657	211.94
1570.4	7.3	35.653	211.9
1571.4	7.296	35.65	211.88
1572.4	7.29	35.65	211.9
1573.4	7.288	35.649	211.96
1574.4	7.293	35.649	212.06
1575.3	7.282	35.649	212.17
1576.3	7.253	35.65	212.28
1577.3	7.235	35.648	212.4
1578.3	7.229	35.643	212.53
1579.3	7.219	35.64	212.7
1580.3	7.207	35.637	212.9
1581.3	7.216	35.635	213.1
1582.2	7.241	35.637	213.29
1583.2	7.222	35.635	213.45
1584.2	7.163	35.63	213.57
1585.2	7.131	35.624	213.67
1586.2	7.131	35.62	213.74
1587.2	7.13	35.619	213.8
1588.2	7.13	35.618	213.86
1589.1	7.13	35.618	213.88
1590.1	7.13	35.618	213.88
1591.1	7.13	35.618	213.85
1592.1	7.129	35.618	213.8
1593.1	7.128	35.618	213.75
1594.1	7.125	35.618	213.71
1595.0	7.121	35.617	213.65
1596.0	7.12	35.616	213.6
1597.0	7.12	35.616	213.57
1598.0	7.119	35.616	213.53
1599.0	7.117	35.616	213.48
1600.0	7.116	35.615	213.43
1601.0	7.114	35.615	213.36
1601.9	7.104	35.615	213.31
1602.9	7.09	35.614	213.28
1603.9	7.09	35.611	213.28
1604.9	7.096	35.611	213.29
1605.9	7.089	35.611	213.31
1606.9	7.071	35.609	213.32
1607.9	7.058	35.607	213.34
1608.8	7.054	35.604	213.38
1609.8	7.047	35.603	213.46
1610.8	7.04	35.601	213.59
1611.8	7.038	35.601	213.74
1612.8	7.039	35.601	213.9
1613.8	7.018	35.599	214.04
1614.7	6.989	35.594	214.16
1615.7	6.981	35.591	214.29
1616.7	6.971	35.588	214.43
1617.7	6.964	35.587	214.57
1618.7	6.96	35.586	214.7
1619.7	6.954	35.585	214.82
1620.7	6.939	35.583	214.92
1621.6	6.918	35.58	215.0
1622.6	6.906	35.577	215.08
1623.6	6.898	35.574	215.17
1624.6	6.865	35.569	215.27
1625.6	6.818	35.562	215.37
1626.6	6.806	35.557	215.47
1627.6	6.806	35.555	215.56
1628.5	6.805	35.555	215.65
1629.5	6.804	35.555	215.74
1630.5	6.803	35.554	215.82
1631.5	6.803	35.554	215.9
1632.5	6.803	35.554	215.98
1633.5	6.802	35.555	216.04
1634.4	6.8	35.555	216.1
1635.4	6.798	35.554	216.15
1636.4	6.795	35.553	216.19
1637.4	6.793	35.553	216.22
1638.4	6.794	35.552	216.27
1639.4	6.792	35.553	216.32
1640.4	6.791	35.553	216.4
1641.3	6.787	35.553	216.49
1642.3	6.776	35.553	216.57
1643.3	6.74	35.549	216.66
1644.3	6.697	35.543	216.74
1645.3	6.673	35.537	216.83
1646.3	6.66	35.531	216.93
1647.3	6.657	35.529	217.03
1648.2	6.656	35.529	217.14
1649.2	6.654	35.528	217.23
1650.2	6.65	35.528	217.3
1651.2	6.646	35.527	217.36
1652.2	6.641	35.526	217.4
1653.2	6.636	35.525	217.44
1654.1	6.634	35.525	217.5
1655.1	6.631	35.523	217.55
1656.1	6.626	35.523	217.59
1657.1	6.619	35.522	217.61
1658.1	6.609	35.521	217.64
1659.1	6.601	35.519	217.67
1660.1	6.595	35.517	217.71
1661.0	6.592	35.516	217.76
1662.0	6.586	35.515	217.83
1663.0	6.576	35.513	217.9
1664.0	6.549	35.51	217.98
1665.0	6.505	35.505	218.05
1666.0	6.478	35.499	218.13
1666.9	6.469	35.497	218.23
1667.9	6.458	35.494	218.33
1668.9	6.45	35.492	218.44
1669.9	6.445	35.491	218.55
1670.9	6.439	35.49	218.65
1671.9	6.434	35.489	218.75
1672.9	6.427	35.489	218.85
1673.8	6.424	35.487	218.95
1674.8	6.423	35.486	219.03
1675.8	6.423	35.486	219.1
1676.8	6.424	35.485	219.14
1677.8	6.424	35.485	219.16
1678.8	6.421	35.486	219.18
1679.7	6.416	35.485	219.2
1680.7	6.417	35.484	219.23
1681.7	6.416	35.485	219.25
1682.7	6.398	35.486	219.26
1683.7	6.378	35.481	219.25
1684.7	6.358	35.477	219.24
1685.7	6.339	35.473	219.24
1686.6	6.336	35.471	219.28
1687.6	6.344	35.472	219.36
1688.6	6.355	35.474	219.47
1689.6	6.347	35.476	219.59
1690.6	6.327	35.475	219.69
1691.6	6.313	35.471	219.78
1692.5	6.307	35.468	219.86
1693.5	6.303	35.466	219.95
1694.5	6.301	35.465	220.06
1695.5	6.298	35.464	220.18
1696.5	6.298	35.463	220.29
1697.5	6.3	35.462	220.37
1698.5	6.299	35.462	220.41
1699.4	6.291	35.463	220.41
1700.4	6.283	35.462	220.39
1701.4	6.279	35.462	220.38
1702.4	6.277	35.461	220.39
1703.4	6.277	35.46	220.43
1704.4	6.278	35.46	220.47
1705.3	6.278	35.46	220.5
1706.3	6.275	35.46	220.53
1707.3	6.267	35.46	220.55
1708.3	6.259	35.458	220.58
1709.3	6.257	35.457	220.64
1710.3	6.257	35.456	220.73
1711.3	6.256	35.456	220.83
1712.2	6.255	35.456	220.92
1713.2	6.254	35.456	220.99
1714.2	6.251	35.456	221.03
1715.2	6.249	35.455	221.07
1716.2	6.247	35.454	221.1
1717.2	6.245	35.453	221.12
1718.1	6.244	35.453	221.13
1719.1	6.228	35.452	221.13
1720.1	6.219	35.45	221.12
1721.1	6.209	35.448	221.11
1722.1	6.2	35.446	221.1
1723.1	6.205	35.446	221.1
1724.1	6.207	35.447	221.1
1725.0	6.192	35.446	221.11
1726.0	6.172	35.444	221.12
1727.0	6.166	35.442	221.14
1728.0	6.159	35.441	221.18
1729.0	6.158	35.439	221.24
1730.0	6.161	35.437	221.31
1730.9	6.155	35.437	221.38
1731.9	6.146	35.437	221.45
1732.9	6.143	35.436	221.5
1733.9	6.142	35.436	221.55
1734.9	6.138	35.436	221.6
1735.9	6.135	35.435	221.67
1736.9	6.135	35.435	221.75
1737.8	6.131	35.435	221.82
1738.8	6.121	35.434	221.88
1739.8	6.111	35.432	221.92
1740.8	6.105	35.431	221.95
1741.8	6.102	35.43	221.98
1742.8	6.098	35.429	222.02
1743.7	6.095	35.428	222.08
1744.7	6.095	35.428	222.15
1745.7	6.095	35.427	222.22
1746.7	6.096	35.427	222.26
1747.7	6.096	35.427	222.28
1748.7	6.095	35.427	222.29
1749.7	6.096	35.427	222.29
1750.6	6.095	35.428	222.31
1751.6	6.095	35.428	222.34
1752.6	6.095	35.428	222.37
1753.6	6.095	35.428	222.39
1754.6	6.089	35.428	222.41
1755.6	6.071	35.428	222.41
1756.5	6.054	35.425	222.41
1757.5	6.042	35.423	222.42
1758.5	6.023	35.42	222.48
1759.5	6.02	35.417	222.55
1760.5	6.035	35.417	222.64
1761.5	6.018	35.414	222.73
1762.4	6.001	35.41	222.82
1763.4	5.984	35.406	222.9
1764.4	5.967	35.403	223.0
1765.4	5.95	35.399	223.12
1766.4	5.933	35.395	223.25
1767.4	5.91	35.395	223.38
1768.4	5.887	35.395	223.51
1769.3	5.864	35.394	223.62
1770.3	5.865	35.389	223.72
1771.3	5.861	35.387	223.82
1772.3	5.844	35.386	223.93
1773.3	5.828	35.384	224.05
1774.3	5.826	35.382	224.18
1775.2	5.824	35.381	224.3
1776.2	5.823	35.381	224.4
1777.2	5.824	35.381	224.47
1778.2	5.823	35.381	224.55
1779.2	5.821	35.381	224.62
1780.2	5.818	35.38	224.7
1781.1	5.814	35.38	224.78
1782.1	5.813	35.379	224.85
1783.1	5.811	35.379	224.9
1784.1	5.794	35.377	224.93
1785.1	5.771	35.375	224.94
1786.1	5.757	35.373	224.95
1787.1	5.743	35.37	224.97
1788.0	5.74	35.367	225.0
1789.0	5.742	35.365	225.05
1790.0	5.726	35.365	225.09
1791.0	5.698	35.364	225.13
1792.0	5.688	35.361	225.18
1793.0	5.682	35.359	225.24
1793.9	5.68	35.358	225.31
1794.9	5.681	35.357	225.39
1795.9	5.668	35.356	225.49
1796.9	5.653	35.354	225.58
1797.9	5.649	35.353	225.68
1798.9	5.642	35.352	225.77
1799.8	5.631	35.351	225.85
1800.8	5.624	35.349	225.93
1801.8	5.624	35.348	225.99
1802.8	5.626	35.347	226.02
1803.8	5.63	35.348	226.03
1804.8	5.63	35.349	226.03
1805.8	5.628	35.349	226.04
1806.7	5.627	35.349	226.04
1807.7	5.627	35.349	226.04
1808.7	5.623	35.348	226.02
1809.7	5.612	35.348	225.99
1810.7	5.604	35.347	225.97
1811.7	5.6	35.345	225.95
1812.6	5.597	35.344	225.96
1813.6	5.596	35.344	226.01
1814.6	5.596	35.344	226.06
1815.6	5.596	35.343	226.12
1816.6	5.596	35.343	226.16
1817.6	5.595	35.343	226.19
1818.5	5.588	35.343	226.22
1819.5	5.576	35.342	226.26
1820.5	5.57	35.34	226.31
1821.5	5.565	35.339	226.36
1822.5	5.561	35.338	226.42
1823.5	5.557	35.337	226.46
1824.5	5.551	35.336	226.48
1825.4	5.548	35.335	226.49
1826.4	5.547	35.335	226.5
1827.4	5.545	35.335	226.54
1828.4	5.538	35.335	226.59
1829.4	5.524	35.333	226.66
1830.4	5.514	35.331	226.72
1831.3	5.51	35.33	226.77
1832.3	5.508	35.329	226.8
1833.3	5.507	35.328	226.82
1834.3	5.503	35.329	226.82
1835.3	5.496	35.328	226.83
1836.3	5.494	35.326	226.84
1837.2	5.496	35.326	226.86
1838.2	5.486	35.327	226.87
1839.2	5.466	35.326	226.85
1840.2	5.442	35.323	226.84
1841.2	5.417	35.32	226.84
1842.2	5.393	35.317	226.87
1843.1	5.397	35.313	226.94
1844.1	5.419	35.311	227.04
1845.1	5.394	35.309	227.15
1846.1	5.37	35.308	227.28
1847.1	5.345	35.307	227.4
1848.1	5.328	35.305	227.53
1849.1	5.316	35.301	227.67
1850.0	5.318	35.298	227.83
1851.0	5.32	35.299	228.0
1852.0	5.307	35.298	228.15
1853.0	5.292	35.295	228.28
1854.0	5.288	35.294	228.37
1855.0	5.284	35.293	228.46
1855.9	5.276	35.292	228.54
1856.9	5.266	35.291	228.63
1857.9	5.261	35.29	228.73
1858.9	5.262	35.288	228.82
1859.9	5.259	35.288	228.9
1860.9	5.254	35.288	228.94
1861.8	5.248	35.288	228.97
1862.8	5.235	35.287	228.99
1863.8	5.219	35.285	229.02
1864.8	5.205	35.282	229.08
1865.8	5.203	35.28	229.14
1866.8	5.202	35.279	229.2
1867.7	5.188	35.278	229.24
1868.7	5.173	35.276	229.25
1869.7	5.172	35.274	229.27
1870.7	5.171	35.274	229.28
1871.7	5.169	35.274	229.32
1872.7	5.164	35.274	229.36
1873.6	5.159	35.273	229.42
1874.6	5.155	35.271	229.48
1875.6	5.152	35.271	229.52
1876.6	5.148	35.272	229.54
1877.6	5.142	35.271	229.56
1878.6	5.137	35.27	229.59
1879.6	5.13	35.269	229.63
1880.5	5.123	35.268	229.69
1881.5	5.118	35.267	229.75
1882.5	5.114	35.266	229.83
1883.5	5.108	35.265	229.9
1884.5	5.096	35.264	229.97
1885.5	5.082	35.262	230.03
1886.4	5.072	35.259	230.1
1887.4	5.063	35.257	230.16
1888.4	5.058	35.257	230.22
1889.4	5.056	35.256	230.26
1890.4	5.056	35.256	230.29
1891.4	5.054	35.256	230.32
1892.3	5.054	35.256	230.33
1893.3	5.053	35.256	230.34
1894.3	5.053	35.255	230.33
1895.3	5.053	35.256	230.32
1896.3	5.054	35.256	230.3
1897.3	5.056	35.256	230.28
1898.2	5.06	35.256	230.25
1899.2	5.063	35.255	230.22
1900.2	5.064	35.257	230.21
1901.2	5.064	35.258	230.2
1902.2	5.063	35.258	230.19
1903.2	5.061	35.257	230.17
1904.1	5.06	35.257	230.13
1905.1	5.067	35.257	230.08
1906.1	5.072	35.258	230.02
1907.1	5.074	35.259	229.98
1908.1	5.076	35.259	229.96
1909.1	5.078	35.259	229.94
1910.0	5.077	35.259	229.93
1911.0	5.077	35.259	229.92
1912.0	5.077	35.259	229.91
1913.0	5.077	35.259	229.89
1914.0	5.077	35.259	229.87
1915.0	5.077	35.259	229.87
1915.9	5.077	35.259	229.89
1916.9	5.078	35.259	229.92
1917.9	5.079	35.259	229.95
1918.9			
1919.9			
1920.9			
1921.8			
1922.8			
1923.8			
1924.8			
1925.8			
1926.8			
1927.8			
1928.7			
1929.7			
1930.7			
1931.7			
1932.7			
1933.7			
1934.6			
1935.6			
1936.6			
1937.6			
1938.6			
1939.6			
1940.5			
1941.5			
1942.5			
1943.5			
1944.5			
1945.5			
1946.4			
1947.4			
1948.4			
1949.4			
1950.4			
1951.4			
1952.3			
1953.3			
1954.3			
1955.3			
1956.3			
1957.3			
1958.2			
1959.2			
1960.2			
1961.2			
1962.2			
1963.2			
1964.1			
1965.1			
1966.1			
1967.1			
1968.1			
1969.1			
1970.0			
1971.0			
1972.0			
1973.0			
1974.0			
1975.0			
1975.9			
1976.9			
1977.9			
1978.9			
1979.9			
1980.9			
1981.8			
1982.8			
1983.8			
1984.8			
1985.8			
1986.8			
1987.7			
1988.7			
1989.7			
1990.7			
1991.7			
1992.7			
1993.6			
1994.6			
1995.6			
1996.6			
1997.6			
1998.6			
1999.5			
2000.5			
2001.5			
2002.5			
2003.5			
2004.5			
2005.4			
2006.4			
2007.4			
2008.4			
2009.4			
2010.4			
2011.3			
2012.3			
2013.3			
2014.3			
2015.3			
2016.3			
2017.2			
2018.2			
2019.2			
2020.2			
2021.2			
2022.2			
2023.1			
2024.1			
2025.1			
2026.1			
2027.1			
2028.0			
2029.0			
2030.0			
2031.0			
2032.0			
2033.0			
2033.9			
2034.9			
2035.9			
2036.9			
2037.9			
2038.9			
2039.8			
2040.8			
2041.8			
2042.8			
2043.8			
2044.8			
2045.7			
2046.7			
2047.7			
2048.7			
2049.7			
2050.7			
2051.6			
2052.6			
2053.6			
2054.6			
2055.6			
2056.6			
2057.5			
2058.5			
2059.5			
2060.5			
2061.5			
2062.5			
2063.4			
2064.4			
2065.4			
2066.4			
2067.4			
2068.4			
2069.3			
2070.3			
2071.3			
2072.3			
2073.3			
2074.3			
2075.2			
2076.2			
2077.2			
2078.2			
2079.2			
2080.1			
2081.1			
2082.1			
2083.1			
2084.1			
2085.1			
2086.0			
2087.0			
2088.0			
2089.0			
2090.0			
2091.0			
2091.9			
2092.9			
2093.9			
2094.9			
2095.9			
2096.9			
2097.8			
2098.8			
2099.8			
2100.8			
2101.8			
2102.8			
2103.7			
2104.7			
2105.7			
2106.7			
2107.7			
2108.6			
2109.6			
2110.6			
2111.6			
2112.6			
2113.6			
2114.5			
2115.5			
2116.5			
2117.5			
2118.5			
2119.5			
2120.4			
2121.4			
2122.4			
2123.4			
2124.4			
2125.4			
2126.3			
2127.3			
2128.3			
2129.3			
2130.3			
2131.2			
2132.2			
2133.2			
2134.2			
2135.2			
2136.2			
2137.1			
2138.1			
2139.1			
2140.1			
2141.1			
2142.1			
2143.0			
2144.0			
2145.0			
2146.0			
2147.0			
