Depth [m]	Temperature [degC]	Salinity [PSU]	Oxygen [umol/kg]
1.0	20.739	36.523	226.04
2.0	20.739	36.523	226.3
3.0	20.739	36.523	226.56
4.0	20.739	36.523	226.83
5.0	20.739	36.523	227.13
6.0	20.739	36.523	227.49
6.9	20.777	36.521	227.93
7.9	20.806	36.521	228.44
8.9	20.81	36.526	228.99
9.9	20.775	36.53	229.54
10.9	20.725	36.53	230.07
11.9	20.676	36.53	230.6
12.9	20.634	36.53	231.12
13.9	20.58	36.533	231.64
14.9	20.489	36.534	232.15
15.9	20.361	36.531	232.63
16.9	20.161	36.517	233.04
17.9	19.961	36.493	233.4
18.9	19.871	36.476	233.73
19.9	19.801	36.47	234.05
20.8	19.725	36.466	234.4
21.8	19.686	36.458	234.78
22.8	19.663	36.453	235.18
23.8	19.619	36.455	235.57
24.8	19.568	36.452	235.95
25.8	19.551	36.452	236.35
26.8	19.554	36.459	236.82
27.8	19.549	36.466	237.39
28.8	19.53	36.473	238.07
29.8	19.403	36.485	238.83
30.8	19.096	36.486	239.62
31.8	18.808	36.464	240.41
32.8	18.612	36.445	241.18
33.7	18.331	36.452	241.97
34.7	17.935	36.457	242.81
35.7	17.574	36.422	243.68
36.7	17.436	36.374	244.51
37.7	17.428	36.35	245.26
38.7	17.407	36.343	245.88
39.7	17.358	36.35	246.35
40.7	17.271	36.362	246.69
41.7	17.146	36.365	246.96
42.7	17.011	36.348	247.16
43.7	16.947	36.326	247.28
44.7	16.895	36.323	247.26
45.7	16.789	36.326	247.09
46.7	16.69	36.317	246.78
47.6	16.636	36.304	246.38
48.6	16.588	36.298	245.93
49.6	16.536	36.294	245.43
50.6	16.493	36.288	244.9
51.6	16.46	36.281	244.34
52.6	16.436	36.278	243.73
53.6	16.413	36.275	243.06
54.6	16.387	36.273	242.39
55.6	16.351	36.271	241.72
56.6	16.31	36.267	241.1
57.6	16.28	36.262	240.51
58.6	16.264	36.257	239.96
59.6	16.251	36.253	239.42
60.5	16.236	36.252	238.84
61.5	16.218	36.251	238.24
62.5	16.191	36.25	237.61
63.5	16.158	36.248	236.99
64.5	16.135	36.243	236.38
65.5	16.11	36.241	235.74
66.5	16.067	36.238	235.05
67.5	16.023	36.231	234.3
68.5	15.998	36.224	233.48
69.5	15.979	36.221	232.61
70.5	15.951	36.221	231.75
71.5	15.915	36.22	230.93
72.5	15.883	36.215	230.16
73.4	15.855	36.21	229.39
74.4	15.834	36.206	228.62
75.4	15.815	36.202	227.83
76.4	15.804	36.199	227.11
77.4	15.797	36.198	226.46
78.4	15.791	36.197	225.86
79.4	15.781	36.196	225.3
80.4	15.764	36.196	224.75
81.4	15.731	36.195	224.21
82.4	15.689	36.19	223.68
83.4	15.664	36.183	223.18
84.4	15.65	36.178	222.73
85.4	15.626	36.176	222.31
86.3	15.598	36.173	221.91
87.3	15.574	36.167	221.5
88.3	15.554	36.164	221.1
89.3	15.54	36.162	220.77
90.3	15.523	36.16	220.51
91.3	15.497	36.157	220.31
92.3	15.463	36.151	220.14
93.3	15.432	36.144	219.95
94.3	15.402	36.139	219.71
95.3	15.377	36.136	219.42
96.3	15.355	36.133	219.11
97.3	15.337	36.13	218.78
98.3	15.321	36.127	218.44
99.2	15.303	36.124	218.06
100.2	15.282	36.121	217.61
101.2	15.257	36.117	217.1
102.2	15.218	36.113	216.57
103.2	15.162	36.102	216.04
104.2	15.112	36.091	215.57
105.2	15.088	36.084	215.21
106.2	15.067	36.078	214.95
107.2	15.047	36.075	214.76
108.2	15.023	36.073	214.63
109.2	15.004	36.071	214.58
110.2	14.987	36.07	214.62
111.2	14.96	36.068	214.74
112.1	14.932	36.062	214.93
113.1	14.917	36.056	215.16
114.1	14.911	36.053	215.38
115.1	14.904	36.052	215.56
116.1	14.887	36.053	215.71
117.1	14.854	36.053	215.84
118.1	14.819	36.047	215.96
119.1	14.803	36.039	216.07
120.1	14.798	36.034	216.18
121.1	14.792	36.033	216.25
122.1	14.778	36.032	216.27
123.1	14.752	36.03	216.26
124.0	14.721	36.027	216.23
125.0	14.694	36.022	216.23
126.0	14.674	36.016	216.26
127.0	14.66	36.011	216.3
128.0	14.652	36.008	216.34
129.0	14.645	36.006	216.36
130.0	14.637	36.005	216.35
131.0	14.632	36.003	216.32
132.0	14.629	36.002	216.31
133.0	14.628	36.002	216.32
134.0	14.626	36.002	216.33
135.0	14.623	36.002	216.32
136.0	14.62	36.001	216.27
136.9	14.614	36.001	216.19
137.9	14.606	36.0	216.08
138.9	14.593	35.999	215.95
139.9	14.572	35.997	215.8
140.9	14.551	35.993	215.64
141.9	14.532	35.99	215.49
142.9	14.513	35.988	215.32
143.9	14.481	35.985	215.11
144.9	14.444	35.981	214.88
145.9	14.426	35.973	214.67
146.9	14.423	35.968	214.49
147.9	14.419	35.967	214.35
148.8	14.413	35.967	214.21
149.8	14.407	35.966	214.06
150.8	14.401	35.965	213.9
151.8	14.392	35.964	213.73
152.8	14.374	35.964	213.54
153.8	14.349	35.962	213.33
154.8	14.328	35.958	213.09
155.8	14.302	35.955	212.85
156.8	14.268	35.951	212.6
157.8	14.233	35.945	212.31
158.8	14.201	35.939	211.98
159.8	14.171	35.933	211.64
160.8	14.159	35.928	211.28
161.7	14.154	35.925	210.91
162.7	14.15	35.924	210.49
163.7	14.146	35.924	210.03
164.7	14.136	35.925	209.56
165.7	14.115	35.925	209.09
166.7	14.091	35.923	208.61
167.7	14.075	35.919	208.1
168.7	14.061	35.918	207.55
169.7	14.051	35.917	206.97
170.7	14.04	35.917	206.38
171.7	14.019	35.917	205.79
172.7	13.991	35.914	205.25
173.6	13.973	35.907	204.77
174.6	13.966	35.904	204.38
175.6	13.959	35.902	204.04
176.6	13.945	35.901	203.73
177.6	13.924	35.899	203.46
178.6	13.906	35.896	203.24
179.6	13.899	35.893	203.09
180.6	13.892	35.892	203.01
181.6	13.886	35.891	202.97
182.6	13.881	35.891	202.95
183.6	13.874	35.891	202.93
184.6	13.864	35.891	202.91
185.5	13.852	35.89	202.86
186.5	13.837	35.889	202.79
187.5	13.82	35.887	202.72
188.5	13.804	35.885	202.64
189.5	13.788	35.883	202.55
190.5	13.766	35.882	202.46
191.5	13.743	35.878	202.35
192.5	13.727	35.874	202.25
193.5	13.715	35.871	202.17
194.5	13.703	35.869	202.08
195.5	13.685	35.867	201.99
196.5	13.664	35.866	201.89
197.5	13.646	35.863	201.79
198.4	13.636	35.859	201.71
199.4	13.631	35.857	201.65
200.4	13.629	35.856	201.61
201.4	13.624	35.857	201.55
202.4	13.616	35.856	201.48
203.4	13.61	35.855	201.37
204.4	13.604	35.854	201.23
205.4	13.596	35.853	201.09
206.4	13.588	35.853	200.97
207.4	13.581	35.852	200.88
208.4	13.575	35.851	200.82
209.4	13.572	35.849	200.76
210.3	13.571	35.849	200.7
211.3	13.565	35.848	200.62
212.3	13.556	35.848	200.55
213.3	13.545	35.849	200.51
214.3	13.525	35.849	200.52
215.3	13.502	35.845	200.59
216.3	13.483	35.841	200.69
217.3	13.468	35.836	200.79
218.3	13.456	35.832	200.87
219.3	13.45	35.83	200.92
220.3	13.447	35.829	200.96
221.3	13.444	35.828	201.01
222.2	13.439	35.828	201.09
223.2	13.435	35.827	201.2
224.2	13.429	35.826	201.31
225.2	13.416	35.825	201.4
226.2	13.396	35.823	201.46
227.2	13.375	35.822	201.48
228.2	13.354	35.82	201.49
229.2	13.339	35.817	201.49
230.2	13.331	35.813	201.5
231.2	13.319	35.813	201.52
232.2	13.306	35.811	201.53
233.2	13.297	35.81	201.51
234.1	13.293	35.809	201.44
235.1	13.291	35.809	201.35
236.1	13.289	35.809	201.25
237.1	13.283	35.811	201.17
238.1	13.264	35.813	201.12
239.1	13.242	35.81	201.11
240.1	13.243	35.804	201.13
241.1	13.252	35.804	201.15
242.1	13.231	35.805	201.17
243.1	13.183	35.806	201.2
244.1	13.141	35.801	201.27
245.0	13.123	35.791	201.38
246.0	13.123	35.784	201.52
247.0	13.124	35.783	201.69
248.0	13.126	35.783	201.87
249.0	13.118	35.784	202.02
250.0	13.103	35.783	202.15
251.0	13.094	35.781	202.26
252.0	13.092	35.779	202.38
253.0	13.086	35.779	202.52
254.0	13.071	35.78	202.66
255.0	13.051	35.778	202.8
256.0	13.039	35.774	202.93
256.9	13.033	35.772	203.04
257.9	13.019	35.772	203.14
258.9	13.0	35.77	203.24
259.9	12.988	35.766	203.35
260.9	12.982	35.764	203.47
261.9	12.975	35.763	203.59
262.9	12.966	35.762	203.71
263.9	12.95	35.762	203.79
264.9	12.928	35.761	203.86
265.9	12.916	35.757	203.9
266.9	12.915	35.755	203.91
267.9	12.913	35.758	203.92
268.8	12.901	35.762	203.91
269.8	12.875	35.762	203.89
270.8	12.855	35.756	203.87
271.8	12.851	35.751	203.84
272.8	12.848	35.75	203.81
273.8	12.832	35.748	203.78
274.8	12.813	35.745	203.78
275.8	12.804	35.743	203.8
276.8	12.796	35.742	203.85
277.8	12.786	35.742	203.93
278.8	12.775	35.741	204.02
279.7	12.759	35.74	204.11
280.7	12.745	35.737	204.21
281.7	12.74	35.735	204.3
282.7	12.736	35.734	204.39
283.7	12.732	35.734	204.47
284.7	12.727	35.734	204.53
285.7	12.717	35.734	204.57
286.7	12.701	35.734	204.57
287.7	12.687	35.732	204.52
288.7	12.677	35.729	204.43
289.7	12.664	35.728	204.29
290.7	12.647	35.728	204.13
291.6	12.635	35.726	203.95
292.6	12.631	35.724	203.75
293.6	12.632	35.723	203.55
294.6	12.634	35.723	203.33
295.6	12.626	35.724	203.1
296.6	12.61	35.724	202.86
297.6	12.602	35.722	202.65
298.6	12.6	35.721	202.48
299.6	12.599	35.721	202.34
300.6	12.6	35.72	202.24
301.6	12.602	35.72	202.15
302.5	12.599	35.721	202.07
303.5	12.594	35.722	201.98
304.5	12.59	35.724	201.91
305.5	12.585	35.726	201.85
306.5	12.58	35.725	201.82
307.5	12.576	35.724	201.79
308.5	12.571	35.724	201.75
309.5	12.564	35.724	201.69
310.5	12.559	35.723	201.61
311.5	12.557	35.722	201.53
312.5	12.552	35.722	201.45
313.5	12.541	35.723	201.38
314.4	12.528	35.722	201.32
315.4	12.512	35.721	201.26
316.4	12.497	35.719	201.19
317.4	12.485	35.716	201.12
318.4	12.467	35.714	201.05
319.4	12.452	35.712	201.0
320.4	12.446	35.711	200.97
321.4	12.438	35.71	200.95
322.4	12.432	35.709	200.94
323.4	12.421	35.708	200.92
324.4	12.401	35.707	200.89
325.3	12.377	35.704	200.85
326.3	12.352	35.699	200.8
327.3	12.339	35.694	200.73
328.3	12.337	35.691	200.63
329.3	12.338	35.691	200.51
330.3	12.342	35.691	200.35
331.3	12.349	35.693	200.17
332.3	12.347	35.698	199.97
333.3	12.341	35.699	199.77
334.3	12.341	35.696	199.55
335.3	12.334	35.698	199.31
336.2	12.313	35.701	199.08
337.2	12.291	35.7	198.86
338.2	12.284	35.696	198.69
339.2	12.279	35.694	198.56
340.2	12.284	35.691	198.48
341.2	12.294	35.69	198.43
342.2	12.288	35.693	198.39
343.2	12.267	35.694	198.37
344.2	12.25	35.69	198.38
345.2	12.246	35.688	198.43
346.2	12.239	35.687	198.54
347.1	12.231	35.686	198.69
348.1	12.225	35.685	198.85
349.1	12.218	35.684	199.0
350.1	12.213	35.683	199.14
351.1	12.209	35.682	199.25
352.1	12.206	35.682	199.35
353.1	12.203	35.681	199.46
354.1	12.199	35.681	199.56
355.1	12.192	35.682	199.65
356.1	12.182	35.681	199.71
357.1	12.17	35.68	199.74
358.0	12.157	35.679	199.74
359.0	12.144	35.677	199.72
360.0	12.133	35.675	199.69
361.0	12.125	35.674	199.66
362.0	12.118	35.673	199.63
363.0	12.11	35.672	199.61
364.0	12.104	35.671	199.58
365.0	12.096	35.671	199.54
366.0	12.08	35.672	199.46
367.0	12.054	35.672	199.36
368.0	12.032	35.668	199.24
368.9	12.022	35.663	199.12
369.9	12.019	35.662	199.0
370.9	12.016	35.661	198.87
371.9	12.012	35.661	198.72
372.9	12.005	35.661	198.56
373.9	11.993	35.66	198.38
374.9	11.983	35.659	198.21
375.9	11.98	35.658	198.07
376.9	11.975	35.657	197.98
377.9	11.964	35.657	197.92
378.9	11.953	35.655	197.9
379.8	11.946	35.654	197.89
380.8	11.94	35.653	197.89
381.8	11.932	35.653	197.92
382.8	11.924	35.652	197.98
383.8	11.921	35.65	198.06
384.8	11.919	35.65	198.16
385.8	11.916	35.649	198.26
386.8	11.913	35.649	198.34
387.8	11.909	35.649	198.41
388.8	11.904	35.649	198.47
389.8	11.902	35.648	198.52
390.7	11.901	35.648	198.56
391.7	11.9	35.648	198.6
392.7	11.899	35.648	198.61
393.7	11.898	35.648	198.6
394.7	11.896	35.648	198.57
395.7	11.889	35.649	198.53
396.7	11.881	35.648	198.48
397.7	11.875	35.648	198.44
398.7	11.868	35.647	198.38
399.7	11.862	35.646	198.31
400.7	11.855	35.645	198.24
401.6	11.846	35.645	198.17
402.6	11.835	35.644	198.09
403.6	11.826	35.643	198.03
404.6	11.819	35.641	197.99
405.6	11.811	35.641	197.95
406.6	11.803	35.64	197.92
407.6	11.796	35.639	197.88
408.6	11.788	35.639	197.84
409.6	11.78	35.638	197.79
410.6	11.776	35.637	197.75
411.6	11.774	35.637	197.7
412.5	11.769	35.637	197.64
413.5	11.761	35.637	197.58
414.5	11.754	35.636	197.51
415.5	11.749	35.635	197.41
416.5	11.745	35.635	197.3
417.5	11.741	35.635	197.18
418.5	11.737	35.635	197.05
419.5	11.732	35.636	196.93
420.5	11.728	35.636	196.79
421.5	11.723	35.636	196.63
422.5	11.72	35.635	196.43
423.4	11.718	35.635	196.21
424.4	11.716	35.635	195.98
425.4	11.714	35.635	195.75
426.4	11.711	35.635	195.54
427.4	11.708	35.635	195.33
428.4	11.706	35.635	195.12
429.4	11.704	35.635	194.88
430.4	11.693	35.635	194.62
431.4	11.683	35.634	194.36
432.4	11.681	35.633	194.13
433.3	11.679	35.633	193.95
434.3	11.677	35.633	193.81
435.3	11.673	35.633	193.7
436.3	11.67	35.633	193.58
437.3	11.668	35.633	193.42
438.3	11.663	35.633	193.21
439.3	11.654	35.634	192.97
440.3	11.644	35.634	192.77
441.3	11.638	35.633	192.61
442.3	11.634	35.633	192.5
443.3	11.629	35.632	192.4
444.2	11.627	35.631	192.28
445.2	11.623	35.631	192.13
446.2	11.616	35.632	191.97
447.2	11.608	35.631	191.85
448.2	11.601	35.631	191.83
449.2	11.594	35.631	191.91
450.2	11.589	35.63	192.07
451.2	11.587	35.629	192.25
452.2	11.585	35.629	192.43
453.2	11.582	35.629	192.6
454.2	11.575	35.629	192.77
455.1	11.568	35.63	192.95
456.1	11.56	35.629	193.15
457.1	11.553	35.629	193.36
458.1	11.547	35.628	193.56
459.1	11.54	35.627	193.7
460.1	11.534	35.627	193.79
461.1	11.529	35.626	193.81
462.1	11.525	35.626	193.76
463.1	11.52	35.626	193.66
464.1	11.514	35.627	193.51
465.0	11.506	35.627	193.33
466.0	11.5	35.626	193.12
467.0	11.497	35.626	192.88
468.0	11.495	35.625	192.62
469.0	11.492	35.625	192.31
470.0	11.488	35.626	191.97
471.0	11.481	35.626	191.62
472.0	11.472	35.627	191.3
473.0	11.465	35.627	191.05
474.0	11.46	35.626	190.87
475.0	11.458	35.625	190.76
475.9	11.455	35.625	190.69
476.9	11.449	35.626	190.64
477.9	11.438	35.626	190.62
478.9	11.427	35.625	190.65
479.9	11.421	35.624	190.75
480.9	11.418	35.623	190.9
481.9	11.415	35.623	191.08
482.9	11.413	35.623	191.27
483.9	11.412	35.623	191.43
484.9	11.411	35.623	191.56
485.8	11.408	35.623	191.67
486.8	11.404	35.623	191.75
487.8	11.4	35.623	191.82
488.8	11.397	35.624	191.88
489.8	11.393	35.624	191.91
490.8	11.388	35.625	191.91
491.8	11.381	35.624	191.88
492.8	11.375	35.624	191.84
493.8	11.371	35.623	191.78
494.8	11.367	35.623	191.71
495.7	11.363	35.624	191.64
496.7	11.351	35.626	191.57
497.7	11.33	35.628	191.51
498.7	11.315	35.624	191.45
499.7	11.309	35.621	191.39
500.7	11.306	35.621	191.32
501.7	11.302	35.621	191.25
502.7	11.299	35.621	191.17
503.7	11.298	35.621	191.1
504.7	11.294	35.623	191.03
505.7	11.284	35.625	190.96
506.6	11.274	35.624	190.89
507.6	11.269	35.623	190.8
508.6	11.267	35.623	190.7
509.6	11.265	35.623	190.58
510.6	11.264	35.623	190.45
511.6	11.263	35.624	190.33
512.6	11.262	35.625	190.21
513.6	11.258	35.626	190.08
514.6	11.25	35.626	189.95
515.6	11.242	35.626	189.8
516.5	11.238	35.625	189.65
517.5	11.239	35.625	189.49
518.5	11.241	35.628	189.35
519.5	11.245	35.63	189.22
520.5	11.249	35.634	189.11
521.5	11.253	35.637	189.01
522.5	11.256	35.639	188.9
523.5	11.261	35.641	188.81
524.5	11.265	35.643	188.72
525.5	11.266	35.645	188.64
526.4	11.267	35.646	188.58
527.4	11.267	35.646	188.53
528.4	11.266	35.647	188.49
529.4	11.265	35.646	188.45
530.4	11.27	35.647	188.41
531.4	11.283	35.651	188.36
532.4	11.294	35.657	188.32
533.4	11.3	35.662	188.29
534.4	11.302	35.665	188.26
535.4	11.302	35.666	188.23
536.3	11.301	35.666	188.2
537.3	11.298	35.666	188.16
538.3	11.291	35.666	188.12
539.3	11.287	35.664	188.06
540.3	11.293	35.665	187.98
541.3	11.313	35.672	187.88
542.3	11.33	35.68	187.77
543.3	11.335	35.686	187.67
544.3	11.333	35.688	187.57
545.3	11.332	35.688	187.47
546.2	11.332	35.687	187.37
547.2	11.333	35.688	187.27
548.2	11.338	35.69	187.16
549.2	11.341	35.692	187.06
550.2	11.34	35.694	186.98
551.2	11.33	35.696	186.93
552.2	11.31	35.694	186.9
553.2	11.281	35.692	186.88
554.2	11.237	35.686	186.85
555.2	11.194	35.677	186.81
556.1	11.174	35.67	186.74
557.1	11.176	35.669	186.63
558.1	11.188	35.672	186.51
559.1	11.203	35.678	186.36
560.1	11.213	35.683	186.21
561.1	11.216	35.686	186.03
562.1	11.215	35.688	185.85
563.1	11.212	35.688	185.66
564.1	11.209	35.688	185.45
565.1	11.206	35.689	185.24
566.0	11.203	35.691	185.04
567.0	11.202	35.695	184.88
568.0	11.205	35.699	184.76
569.0	11.207	35.702	184.7
570.0	11.209	35.704	184.67
571.0	11.212	35.706	184.67
572.0	11.216	35.709	184.66
573.0	11.215	35.712	184.66
574.0	11.214	35.714	184.68
575.0	11.215	35.715	184.7
575.9	11.218	35.716	184.74
576.9	11.219	35.717	184.79
577.9	11.22	35.717	184.82
578.9	11.22	35.718	184.83
579.9	11.22	35.718	184.82
580.9	11.218	35.719	184.79
581.9	11.211	35.72	184.74
582.9	11.198	35.72	184.71
583.9	11.183	35.718	184.67
584.9	11.173	35.716	184.64
585.8	11.169	35.714	184.6
586.8	11.173	35.713	184.55
587.8	11.184	35.716	184.49
588.8	11.195	35.72	184.43
589.8	11.201	35.723	184.39
590.8	11.202	35.725	184.35
591.8	11.199	35.726	184.33
592.8	11.192	35.725	184.31
593.8	11.194	35.725	184.28
594.8	11.202	35.728	184.24
595.7	11.207	35.731	184.19
596.7	11.208	35.732	184.15
597.7	11.205	35.734	184.11
598.7	11.196	35.735	184.06
599.7	11.187	35.734	184.01
600.7	11.181	35.733	183.95
601.7	11.172	35.734	183.86
602.7	11.157	35.735	183.75
603.7	11.149	35.734	183.64
604.7	11.147	35.735	183.52
605.6	11.144	35.738	183.4
606.6	11.129	35.74	183.28
607.6	11.105	35.737	183.16
608.6	11.085	35.731	183.03
609.6	11.073	35.728	182.9
610.6	11.067	35.726	182.76
611.6	11.076	35.726	182.63
612.6	11.101	35.734	182.51
613.6	11.116	35.745	182.41
614.5	11.117	35.751	182.33
615.5	11.115	35.754	182.25
616.5	11.113	35.755	182.18
617.5	11.111	35.756	182.1
618.5	11.109	35.756	182.03
619.5	11.108	35.756	181.96
620.5	11.109	35.757	181.89
621.5	11.102	35.76	181.82
622.5	11.076	35.76	181.73
623.5	11.045	35.755	181.63
624.4	11.016	35.749	181.51
625.4	10.983	35.75	181.37
626.4	10.949	35.748	181.22
627.4	10.915	35.748	181.04
628.4	10.891	35.75	180.86
629.4	10.876	35.751	180.66
630.4	10.874	35.75	180.47
631.4	10.881	35.752	180.27
632.4	10.887	35.759	180.08
633.4	10.883	35.767	179.89
634.3	10.873	35.769	179.7
635.3	10.865	35.767	179.5
636.3	10.859	35.769	179.3
637.3	10.857	35.771	179.1
638.3	10.856	35.773	178.91
639.3	10.855	35.773	178.73
640.3	10.855	35.771	178.58
641.3	10.857	35.77	178.44
642.3	10.859	35.774	178.31
643.3	10.86	35.777	178.2
644.2	10.854	35.777	178.1
645.2	10.848	35.776	178.06
646.2	10.845	35.776	178.06
647.2	10.843	35.775	178.11
648.2	10.837	35.775	178.19
649.2	10.828	35.775	178.29
650.2	10.818	35.776	178.38
651.2	10.811	35.776	178.46
652.2	10.809	35.778	178.53
653.1	10.812	35.782	178.58
654.1	10.816	35.785	178.6
655.1	10.816	35.792	178.62
656.1	10.814	35.801	178.6
657.1	10.813	35.803	178.56
658.1	10.81	35.801	178.5
659.1	10.809	35.799	178.42
660.1	10.813	35.799	178.33
661.1	10.828	35.799	178.23
662.1	10.851	35.801	178.16
663.0	10.864	35.802	178.12
664.0	10.86	35.802	178.1
665.0	10.848	35.801	178.12
666.0	10.843	35.801	178.15
667.0	10.844	35.799	178.18
668.0	10.848	35.798	178.22
669.0	10.854	35.797	178.27
670.0	10.862	35.796	178.32
671.0	10.874	35.796	178.38
671.9	10.885	35.795	178.44
672.9	10.892	35.794	178.51
673.9	10.897	35.796	178.57
674.9	10.899	35.797	178.61
675.9	10.897	35.797	178.65
676.9	10.893	35.798	178.67
677.9	10.888	35.8	178.69
678.9	10.886	35.806	178.7
679.9	10.885	35.812	178.71
680.9	10.883	35.816	178.72
681.8	10.882	35.815	178.72
682.8	10.879	35.807	178.71
683.8	10.873	35.8	178.69
684.8	10.87	35.799	178.66
685.8	10.868	35.796	178.62
686.8	10.861	35.789	178.58
687.8	10.851	35.785	178.55
688.8	10.846	35.784	178.52
689.8	10.849	35.786	178.49
690.7	10.855	35.787	178.47
691.7	10.861	35.785	178.45
692.7	10.865	35.783	178.44
693.7	10.867	35.781	178.42
694.7	10.868	35.781	178.41
695.7	10.868	35.782	178.41
696.7	10.868	35.781	178.42
697.7	10.864	35.781	178.43
698.7	10.855	35.781	178.43
699.6	10.843	35.78	178.44
700.6	10.836	35.779	178.44
701.6	10.832	35.777	178.44
702.6	10.83	35.778	178.41
703.6	10.829	35.781	178.36
704.6	10.822	35.779	178.29
705.6	10.807	35.778	178.2
706.6	10.793	35.779	178.1
707.6	10.775	35.783	177.99
708.6	10.767	35.786	177.87
709.5	10.768	35.79	177.74
710.5	10.77	35.792	177.6
711.5	10.773	35.793	177.46
712.5	10.775	35.795	177.31
713.5	10.771	35.797	177.19
714.5	10.766	35.799	177.11
715.5	10.765	35.798	177.06
716.5	10.763	35.797	177.05
717.5	10.76	35.796	177.05
718.4	10.757	35.795	177.06
719.4	10.755	35.795	177.07
720.4	10.754	35.794	177.11
721.4	10.753	35.793	177.16
722.4	10.751	35.792	177.22
723.4	10.749	35.792	177.28
724.4	10.744	35.791	177.34
725.4	10.741	35.791	177.38
726.4	10.74	35.793	177.41
727.3	10.737	35.791	177.42
728.3	10.73	35.787	177.43
729.3	10.722	35.786	177.44
730.3	10.713	35.785	177.44
731.3	10.707	35.784	177.43
732.3	10.704	35.783	177.41
733.3	10.699	35.784	177.38
734.3	10.686	35.786	177.36
735.3	10.667	35.786	177.33
736.3	10.649	35.786	177.3
737.2	10.638	35.789	177.26
738.2	10.636	35.794	177.22
739.2	10.634	35.797	177.17
740.2	10.633	35.798	177.12
741.2	10.634	35.798	177.08
742.2	10.634	35.799	177.04
743.2	10.634	35.8	177.01
744.2	10.633	35.8	176.97
745.2	10.632	35.801	176.94
746.1	10.632	35.801	176.91
747.1	10.631	35.801	176.88
748.1	10.63	35.802	176.85
749.1	10.625	35.802	176.83
750.1	10.617	35.802	176.81
751.1	10.611	35.803	176.79
752.1	10.609	35.805	176.78
753.1	10.608	35.807	176.76
754.1	10.607	35.809	176.75
755.0	10.608	35.811	176.73
756.0	10.609	35.814	176.72
757.0	10.61	35.815	176.7
758.0	10.611	35.815	176.69
759.0	10.611	35.815	176.69
760.0	10.611	35.815	176.68
761.0	10.611	35.815	176.68
762.0	10.611	35.816	176.67
763.0	10.612	35.817	176.66
763.9	10.612	35.817	176.65
764.9	10.609	35.819	176.65
765.9	10.603	35.819	176.65
766.9	10.599	35.819	176.65
767.9	10.597	35.819	176.65
768.9	10.593	35.819	176.64
769.9	10.584	35.82	176.63
770.9	10.574	35.822	176.61
771.9	10.564	35.825	176.58
772.8	10.556	35.826	176.55
773.8	10.551	35.827	176.52
774.8	10.548	35.828	176.49
775.8	10.545	35.828	176.46
776.8	10.544	35.828	176.42
777.8	10.545	35.83	176.37
778.8	10.546	35.832	176.33
779.8	10.544	35.832	176.28
780.8	10.542	35.834	176.25
781.7	10.541	35.836	176.24
782.7	10.539	35.838	176.24
783.7	10.537	35.841	176.24
784.7	10.536	35.844	176.25
785.7	10.534	35.846	176.27
786.7	10.531	35.847	176.28
787.7	10.53	35.848	176.3
788.7	10.53	35.849	176.32
789.7	10.534	35.849	176.35
790.6	10.544	35.85	176.38
791.6	10.556	35.851	176.43
792.6	10.575	35.854	176.49
793.6	10.592	35.855	176.58
794.6	10.618	35.854	176.7
795.6	10.677	35.853	176.85
796.6	10.784	35.853	177.04
797.6	10.86	35.852	177.26
798.6	10.895	35.852	177.52
799.5	10.97	35.852	177.8
800.5	11.015	35.853	178.1
801.5	11.015	35.853	178.41
802.5	10.984	35.853	178.7
803.5	10.882	35.853	178.97
804.5	10.764	35.854	179.2
805.5	10.685	35.854	179.37
806.5	10.62	35.853	179.49
807.5	10.607	35.854	179.55
808.4	10.615	35.855	179.56
809.4	10.617	35.856	179.53
810.4	10.61	35.854	179.46
811.4	10.608	35.854	179.37
812.4	10.605	35.856	179.26
813.4	10.607	35.858	179.15
814.4	10.623	35.86	179.04
815.4	10.63	35.862	178.94
816.4	10.609	35.866	178.87
817.3	10.577	35.869	178.8
818.3	10.572	35.871	178.76
819.3	10.587	35.874	178.73
820.3	10.593	35.875	178.71
821.3	10.583	35.876	178.7
822.3	10.563	35.876	178.68
823.3	10.539	35.876	178.67
824.3	10.523	35.878	178.65
825.3	10.523	35.881	178.63
826.2	10.522	35.881	178.61
827.2	10.518	35.882	178.58
828.2	10.512	35.883	178.56
829.2	10.508	35.885	178.53
830.2	10.505	35.888	178.5
831.2	10.504	35.892	178.45
832.2	10.502	35.894	178.38
833.2	10.5	35.894	178.28
834.2	10.501	35.894	178.15
835.1	10.503	35.894	178.02
836.1	10.502	35.894	177.88
837.1	10.499	35.894	177.74
838.1	10.498	35.894	177.59
839.1	10.498	35.894	177.44
840.1	10.499	35.894	177.28
841.1	10.503	35.892	177.13
842.1	10.508	35.892	177.02
843.1	10.515	35.893	176.96
844.0	10.52	35.893	176.97
845.0	10.523	35.894	177.02
846.0	10.526	35.897	177.11
847.0	10.531	35.897	177.23
848.0	10.537	35.899	177.36
849.0	10.542	35.9	177.51
850.0	10.544	35.902	177.67
851.0	10.545	35.904	177.85
852.0	10.546	35.905	178.03
852.9	10.544	35.906	178.21
853.9	10.544	35.906	178.35
854.9	10.545	35.906	178.48
855.9	10.545	35.907	178.57
856.9	10.534	35.909	178.65
857.9	10.518	35.912	178.71
858.9	10.511	35.913	178.76
859.9	10.502	35.914	178.81
860.8	10.489	35.915	178.86
861.8	10.485	35.918	178.9
862.8	10.481	35.923	178.93
863.8	10.474	35.926	178.96
864.8	10.467	35.926	178.97
865.8	10.469	35.927	178.98
866.8	10.468	35.929	179.0
867.8	10.469	35.928	179.03
868.8	10.477	35.93	179.05
869.7	10.481	35.931	179.08
870.7	10.482	35.932	179.1
871.7	10.487	35.933	179.11
872.7	10.492	35.933	179.12
873.7	10.494	35.934	179.14
874.7	10.498	35.938	179.17
875.7	10.502	35.94	179.2
876.7	10.511	35.941	179.24
877.7	10.518	35.941	179.28
878.6	10.521	35.941	179.31
879.6	10.525	35.942	179.35
880.6	10.527	35.944	179.38
881.6	10.526	35.944	179.41
882.6	10.525	35.944	179.44
883.6	10.525	35.945	179.47
884.6	10.525	35.946	179.49
885.6	10.525	35.946	179.52
886.5	10.525	35.946	179.54
887.5	10.526	35.947	179.57
888.5	10.521	35.948	179.6
889.5	10.509	35.95	179.62
890.5	10.492	35.953	179.64
891.5	10.488	35.956	179.66
892.5	10.487	35.958	179.7
893.5	10.486	35.962	179.75
894.5	10.485	35.966	179.81
895.4	10.485	35.965	179.88
896.4	10.484	35.965	179.95
897.4	10.484	35.966	180.01
898.4	10.485	35.968	180.06
899.4	10.488	35.969	180.1
900.4	10.492	35.968	180.15
901.4	10.493	35.966	180.2
902.4	10.494	35.964	180.25
903.4	10.494	35.962	180.29
904.3	10.493	35.96	180.31
905.3	10.492	35.96	180.29
906.3	10.491	35.96	180.25
907.3	10.491	35.962	180.19
908.3	10.491	35.964	180.12
909.3	10.491	35.966	180.06
910.3	10.492	35.968	180.01
911.3	10.492	35.971	179.96
912.2	10.493	35.975	179.9
913.2	10.493	35.977	179.83
914.2	10.493	35.978	179.77
915.2	10.493	35.98	179.72
916.2	10.493	35.983	179.71
917.2	10.494	35.984	179.71
918.2	10.495	35.983	179.72
919.2	10.497	35.982	179.73
920.2	10.502	35.983	179.73
921.1	10.516	35.984	179.72
922.1	10.542	35.985	179.71
923.1	10.571	35.986	179.7
924.1	10.578	35.987	179.68
925.1	10.591	35.987	179.65
926.1	10.632	35.988	179.61
927.1	10.679	35.99	179.58
928.1	10.702	35.993	179.56
929.0	10.714	35.997	179.58
930.0	10.727	35.999	179.61
931.0	10.757	36.0	179.66
932.0	10.793	36.0	179.72
933.0	10.823	35.999	179.8
934.0	10.878	35.999	179.9
935.0	10.927	35.998	180.01
936.0	10.984	35.995	180.13
937.0	11.053	35.996	180.27
937.9	11.099	35.998	180.4
938.9	11.124	36.002	180.49
939.9	11.142	36.009	180.56
940.9	11.152	36.011	180.6
941.9	11.161	36.015	180.62
942.9	11.171	36.025	180.62
943.9	11.18	36.03	180.61
944.9	11.197	36.033	180.58
945.8	11.207	36.026	180.52
946.8	11.216	36.023	180.45
947.8	11.233	36.037	180.37
948.8	11.258	36.06	180.29
949.8	11.276	36.065	180.23
950.8	11.286	36.072	180.21
951.8	11.288	36.064	180.22
952.8	11.29	36.058	180.25
953.8	11.295	36.063	180.29
954.7	11.306	36.077	180.34
955.7	11.312	36.081	180.42
956.7	11.314	36.081	180.52
957.7	11.316	36.077	180.64
958.7	11.319	36.078	180.78
959.7	11.327	36.081	180.89
960.7	11.341	36.084	180.98
961.7	11.363	36.084	181.02
962.6	11.39	36.093	181.02
963.6	11.416	36.113	181.0
964.6	11.418	36.125	180.95
965.6	11.417	36.127	180.9
966.6	11.418	36.123	180.82
967.6	11.418	36.097	180.71
968.6	11.417	36.121	180.58
969.6	11.416	36.169	180.44
970.5	11.416	36.174	180.32
971.5	11.418	36.174	180.25
972.5	11.429	36.176	180.23
973.5	11.44	36.181	180.26
974.5	11.438	36.173	180.32
975.5	11.438	36.218	180.4
976.5	11.446	36.286	180.49
977.5	11.455	36.298	180.6
978.5	11.457	36.301	180.74
979.4	11.46	36.301	180.89
980.4	11.477	36.304	181.06
981.4	11.495	36.31	181.22
982.4	11.499	36.315	181.35
983.4	11.497	36.312	181.43
984.4	11.494	36.311	181.47
985.4	11.492	36.314	181.5
986.4	11.495	36.317	181.52
987.3	11.497	36.319	181.55
988.3	11.5	36.321	181.59
989.3	11.502	36.322	181.63
990.3	11.503	36.318	181.66
991.3	11.504	36.32	181.7
992.3	11.509	36.327	181.74
993.3	11.509	36.331	181.81
994.3	11.504	36.333	181.91
995.2	11.503	36.334	182.03
996.2	11.503	36.334	182.17
997.2	11.5	36.333	182.32
998.2	11.499	36.332	182.45
999.2	11.497	36.331	182.56
1000.2	11.496	36.332	182.64
1001.2	11.496	36.332	182.7
1002.2	11.496	36.332	182.73
1003.2	11.497	36.332	182.74
1004.1	11.498	36.334	182.73
1005.1	11.499	36.335	182.7
1006.1	11.5	36.336	182.65
1007.1	11.501	36.334	182.59
1008.1	11.503	36.334	182.52
1009.1	11.507	36.337	182.42
1010.1	11.513	36.343	182.33
1011.1	11.516	36.346	182.27
1012.0	11.518	36.348	182.24
1013.0	11.517	36.349	182.24
1014.0	11.516	36.349	182.25
1015.0	11.517	36.348	182.27
1016.0	11.518	36.345	182.28
1017.0	11.518	36.344	182.27
1018.0	11.52	36.347	182.25
1019.0	11.521	36.35	182.24
1019.9	11.522	36.351	182.24
1020.9	11.523	36.351	182.27
1021.9	11.523	36.352	182.31
1022.9	11.523	36.345	182.34
1023.9	11.522	36.307	182.36
1024.9	11.522	36.314	182.38
1025.9	11.523	36.354	182.41
1026.9	11.523	36.354	182.47
1027.8	11.521	36.355	182.56
1028.8	11.519	36.355	182.69
1029.8	11.518	36.354	182.83
1030.8	11.518	36.354	182.96
1031.8	11.518	36.353	183.07
1032.8	11.518	36.353	183.15
1033.8	11.517	36.354	183.2
1034.8	11.516	36.354	183.23
1035.7	11.516	36.354	183.25
1036.7	11.517	36.354	183.24
1037.7	11.519	36.355	183.2
1038.7	11.519	36.355	183.11
1039.7	11.518	36.353	182.98
1040.7	11.519	36.355	182.82
1041.7	11.52	36.358	182.65
1042.7	11.521	36.359	182.5
1043.7	11.52	36.36	182.37
1044.6	11.519	36.36	182.28
1045.6	11.519	36.36	182.21
1046.6	11.52	36.359	182.17
1047.6	11.524	36.36	182.14
1048.6	11.53	36.362	182.14
1049.6	11.531	36.364	182.18
1050.6	11.532	36.365	182.24
1051.6	11.532	36.365	182.33
1052.5	11.533	36.365	182.42
1053.5	11.534	36.365	182.51
1054.5	11.534	36.365	182.59
1055.5	11.534	36.366	182.66
1056.5	11.535	36.366	182.7
1057.5	11.537	36.366	182.74
1058.5	11.54	36.366	182.75
1059.5	11.543	36.366	182.75
1060.4	11.547	36.367	182.76
1061.4	11.553	36.37	182.76
1062.4	11.558	36.372	182.76
1063.4	11.563	36.375	182.74
1064.4	11.565	36.379	182.7
1065.4	11.562	36.381	182.63
1066.4	11.562	36.381	182.54
1067.4	11.563	36.382	182.44
1068.3	11.565	36.382	182.34
1069.3	11.564	36.383	182.25
1070.3	11.561	36.384	182.15
1071.3	11.56	36.382	182.04
1072.3	11.561	36.382	181.91
1073.3	11.56	36.382	181.79
1074.3	11.559	36.381	181.7
1075.3	11.56	36.381	181.67
1076.2	11.56	36.381	181.68
1077.2	11.558	36.382	181.75
1078.2	11.557	36.382	181.84
1079.2	11.555	36.381	181.95
1080.2	11.551	36.381	182.07
1081.2	11.55	36.381	182.23
1082.2	11.549	36.381	182.41
1083.2	11.548	36.381	182.62
1084.1	11.548	36.381	182.84
1085.1	11.548	36.381	183.02
1086.1	11.548	36.382	183.17
1087.1	11.547	36.382	183.28
1088.1	11.545	36.381	183.35
1089.1	11.545	36.381	183.4
1090.1	11.545	36.38	183.42
1091.1	11.545	36.381	183.42
1092.0	11.545	36.38	183.39
1093.0	11.547	36.38	183.34
1094.0	11.553	36.38	183.27
1095.0	11.563	36.381	183.21
1096.0	11.576	36.387	183.17
1097.0	11.583	36.395	183.17
1098.0	11.585	36.398	183.18
1099.0	11.587	36.4	183.22
1099.9	11.589	36.401	183.28
1100.9	11.591	36.402	183.37
1101.9	11.594	36.404	183.48
1102.9	11.595	36.405	183.62
1103.9	11.596	36.406	183.76
1104.9	11.596	36.407	183.89
1105.9	11.598	36.407	184.01
1106.9	11.6	36.408	184.1
1107.8	11.602	36.409	184.17
1108.8	11.604	36.41	184.2
1109.8	11.607	36.411	184.21
1110.8	11.61	36.414	184.18
1111.8	11.61	36.415	184.11
1112.8	11.61	36.415	184.0
1113.8	11.611	36.414	183.87
1114.8	11.613	36.415	183.72
1115.7	11.614	36.417	183.57
1116.7	11.614	36.418	183.41
1117.7	11.615	36.418	183.26
1118.7	11.619	36.418	183.11
1119.7	11.628	36.421	182.97
1120.7	11.636	36.425	182.86
1121.7	11.637	36.43	182.77
1122.7	11.637	36.429	182.71
1123.6	11.642	36.429	182.66
1124.6	11.649	36.432	182.63
1125.6	11.649	36.434	182.61
1126.6	11.646	36.434	182.59
1127.6	11.646	36.434	182.56
1128.6	11.648	36.433	182.55
1129.6	11.652	36.434	182.56
1130.5	11.652	36.434	182.59
1131.5	11.653	36.435	182.62
1132.5	11.652	36.436	182.66
1133.5	11.652	36.436	182.7
1134.5	11.656	36.436	182.73
1135.5	11.665	36.438	182.77
1136.5	11.671	36.442	182.81
1137.5	11.673	36.445	182.86
1138.4	11.672	36.446	182.91
1139.4	11.671	36.445	182.97
1140.4	11.673	36.446	183.02
1141.4	11.677	36.447	183.05
1142.4	11.677	36.448	183.07
1143.4	11.676	36.448	183.07
1144.4	11.677	36.448	183.06
1145.4	11.681	36.448	183.04
1146.3	11.684	36.449	183.03
1147.3	11.688	36.45	183.01
1148.3	11.692	36.454	182.98
1149.3	11.691	36.455	182.96
1150.3	11.689	36.454	182.93
1151.3	11.688	36.453	182.9
1152.3	11.706	36.457	182.88
1153.3	11.757	36.477	182.87
1154.2	11.782	36.491	182.88
1155.2	11.787	36.493	182.92
1156.2	11.808	36.493	182.99
1157.2	11.843	36.505	183.09
1158.2	11.885	36.525	183.21
1159.2	11.9	36.541	183.35
1160.2	11.881	36.54	183.5
1161.2	11.902	36.539	183.64
1162.1	11.96	36.549	183.8
1163.1	11.982	36.558	183.96
1164.1	11.999	36.567	184.13
1165.1	12.045	36.582	184.3
1166.1	12.115	36.61	184.47
1167.1	12.139	36.624	184.63
1168.1	12.137	36.626	184.77
1169.1	12.151	36.628	184.9
1170.0	12.173	36.632	185.03
1171.0	12.186	36.64	185.17
1172.0	12.188	36.643	185.33
1173.0	12.193	36.644	185.5
1174.0	12.202	36.647	185.68
1175.0	12.208	36.651	185.84
1176.0	12.209	36.653	186.0
1176.9	12.208	36.652	186.13
1177.9	12.205	36.651	186.24
1178.9	12.201	36.65	186.34
1179.9	12.2	36.648	186.45
1180.9	12.205	36.648	186.55
1181.9	12.21	36.65	186.64
1182.9	12.212	36.652	186.72
1183.9	12.214	36.653	186.78
1184.8	12.219	36.653	186.8
1185.8	12.232	36.658	186.81
1186.8	12.256	36.668	186.82
1187.8	12.277	36.674	186.84
1188.8	12.305	36.683	186.88
1189.8	12.342	36.697	186.94
1190.8	12.346	36.703	187.01
1191.8	12.354	36.708	187.07
1192.7	12.37	36.715	187.13
1193.7	12.381	36.722	187.19
1194.7	12.382	36.723	187.29
1195.7	12.382	36.723	187.43
1196.7	12.384	36.722	187.6
1197.7	12.39	36.724	187.8
1198.7	12.391	36.727	188.0
1199.6	12.386	36.726	188.18
1200.6	12.384	36.725	188.35
1201.6	12.386	36.723	188.5
1202.6	12.389	36.724	188.65
1203.6	12.39	36.726	188.79
1204.6	12.389	36.726	188.92
1205.6	12.388	36.726	189.02
1206.6	12.39	36.725	189.08
1207.5	12.392	36.726	189.12
1208.5	12.393	36.727	189.15
1209.5	12.392	36.727	189.17
1210.5	12.393	36.727	189.2
1211.5	12.395	36.727	189.23
1212.5	12.399	36.728	189.24
1213.5	12.4	36.73	189.25
1214.5	12.4	36.73	189.26
1215.4	12.401	36.73	189.28
1216.4	12.401	36.73	189.3
1217.4	12.401	36.73	189.33
1218.4	12.402	36.731	189.37
1219.4	12.402	36.731	189.4
1220.4	12.401	36.73	189.41
1221.4	12.402	36.73	189.41
1222.3	12.402	36.73	189.41
1223.3	12.403	36.73	189.45
1224.3	12.403	36.73	189.5
1225.3	12.403	36.73	189.58
1226.3	12.403	36.731	189.66
1227.3	12.403	36.731	189.72
1228.3	12.403	36.73	189.77
1229.3	12.403	36.73	189.8
1230.2	12.403	36.73	189.85
1231.2	12.404	36.73	189.91
1232.2	12.404	36.73	189.98
1233.2	12.403	36.73	190.04
1234.2	12.403	36.73	190.08
1235.2	12.403	36.73	190.07
1236.2	12.403	36.73	190.03
1237.1	12.404	36.73	189.99
1238.1	12.404	36.73	189.97
1239.1	12.403	36.73	189.97
1240.1	12.403	36.73	189.98
1241.1	12.404	36.73	189.98
1242.1	12.404	36.73	189.96
1243.1	12.405	36.73	189.93
1244.1	12.405	36.729	189.91
1245.0	12.405	36.729	189.91
1246.0	12.404	36.729	189.95
1247.0	12.404	36.73	190.01
1248.0	12.404	36.73	190.08
1249.0	12.405	36.73	190.13
1250.0	12.405	36.729	190.18
1251.0	12.405	36.73	190.22
1252.0	12.405	36.73	190.28
1252.9	12.405	36.73	190.34
1253.9	12.405	36.73	190.41
1254.9	12.406	36.73	190.48
1255.9	12.406	36.73	190.53
1256.9	12.407	36.73	190.57
1257.9	12.407	36.73	190.59
1258.9	12.408	36.731	190.61
1259.8	12.409	36.731	190.62
1260.8	12.41	36.731	190.63
1261.8	12.41	36.731	190.65
1262.8	12.41	36.732	190.65
1263.8	12.41	36.732	190.64
1264.8	12.409	36.731	190.63
1265.8	12.409	36.73	190.6
1266.8	12.409	36.73	190.57
1267.7	12.409	36.73	190.54
1268.7	12.41	36.731	190.51
1269.7	12.411	36.731	190.49
1270.7	12.413	36.732	190.47
1271.7	12.413	36.733	190.43
1272.7	12.414	36.734	190.39
1273.7	12.414	36.734	190.35
1274.6	12.414	36.733	190.31
1275.6	12.414	36.733	190.28
1276.6	12.414	36.733	190.27
1277.6	12.415	36.733	190.26
1278.6	12.415	36.733	190.25
1279.6	12.415	36.733	190.24
1280.6	12.415	36.733	190.22
1281.5	12.415	36.733	190.21
1282.5	12.415	36.733	190.21
1283.5	12.414	36.732	190.22
1284.5	12.413	36.732	190.25
1285.5	12.414	36.732	190.27
1286.5	12.414	36.732	190.27
1287.5	12.415	36.733	190.26
1288.5	12.414	36.733	190.23
1289.4	12.415	36.733	190.22
1290.4	12.415	36.733	190.21
1291.4	12.415	36.733	190.21
1292.4	12.414	36.734	190.21
1293.4	12.414	36.734	190.18
1294.4	12.414	36.734	190.14
1295.4	12.415	36.734	190.09
1296.3	12.415	36.734	190.05
1297.3	12.415	36.734	190.04
1298.3	12.414	36.735	190.07
1299.3	12.415	36.735	190.11
1300.3	12.415	36.735	190.16
1301.3	12.416	36.734	190.19
1302.3	12.416	36.732	190.21
1303.3	12.417	36.732	190.24
1304.2	12.417	36.732	190.29
1305.2	12.417	36.732	190.37
1306.2	12.417	36.733	190.46
1307.2	12.417	36.733	190.55
1308.2	12.417	36.733	190.62
1309.2	12.417	36.733	190.67
1310.2	12.418	36.734	190.7
1311.1	12.42	36.735	190.74
1312.1	12.421	36.735	190.8
1313.1	12.421	36.736	190.87
1314.1	12.421	36.736	190.94
1315.1	12.422	36.737	190.99
1316.1	12.424	36.737	191.03
1317.1	12.425	36.738	191.06
1318.1	12.425	36.739	191.07
1319.0	12.425	36.739	191.09
1320.0	12.426	36.74	191.12
1321.0	12.426	36.74	191.15
1322.0	12.428	36.741	191.17
1323.0	12.429	36.741	191.18
1324.0	12.43	36.741	191.17
1325.0	12.431	36.742	191.16
1325.9	12.432	36.742	191.17
1326.9	12.432	36.743	191.18
1327.9	12.433	36.743	191.21
1328.9	12.434	36.744	191.23
1329.9	12.435	36.746	191.25
1330.9	12.435	36.746	191.26
1331.9	12.435	36.746	191.27
1332.8	12.434	36.746	191.27
1333.8	12.434	36.746	191.28
1334.8	12.433	36.746	191.3
1335.8	12.433	36.746	191.31
1336.8	12.433	36.746	191.32
1337.8	12.434	36.746	191.32
1338.8	12.434	36.746	191.32
1339.7	12.434	36.746	191.31
1340.7	12.434	36.746	191.31
1341.7	12.434	36.746	191.31
1342.7	12.434	36.746	191.31
1343.7	12.434	36.746	191.33
1344.7	12.434	36.746	191.34
1345.7	12.434	36.746	191.35
1346.7	12.434	36.746	191.35
1347.6	12.434	36.746	191.35
1348.6	12.434	36.746	191.35
1349.6	12.434	36.746	191.36
1350.6	12.435	36.746	191.37
1351.6	12.435	36.746	191.38
1352.6	12.435	36.746	191.37
1353.6	12.434	36.746	191.36
1354.5	12.434	36.747	191.35
1355.5	12.432	36.748	191.33
1356.5	12.431	36.748	191.32
1357.5	12.43	36.748	191.31
1358.5	12.43	36.748	191.31
1359.5	12.43	36.748	191.29
1360.5	12.43	36.748	191.26
1361.4	12.43	36.748	191.22
1362.4	12.43	36.748	191.18
1363.4	12.43	36.748	191.16
1364.4	12.429	36.749	191.16
1365.4	12.426	36.749	191.18
1366.4	12.424	36.749	191.19
1367.4	12.418	36.748	191.18
1368.4	12.411	36.746	191.16
1369.3	12.407	36.745	191.15
1370.3	12.403	36.744	191.15
1371.3	12.397	36.744	191.19
1372.3	12.385	36.742	191.25
1373.3	12.357	36.736	191.31
1374.3	12.288	36.723	191.36
1375.3	12.213	36.706	191.38
1376.2	12.191	36.695	191.38
1377.2	12.201	36.688	191.38
1378.2	12.227	36.685	191.4
1379.2	12.239	36.695	191.44
1380.2	12.222	36.707	191.48
1381.2	12.205	36.706	191.49
1382.2	12.2	36.697	191.49
1383.1	12.204	36.691	191.47
1384.1	12.212	36.691	191.45
1385.1	12.23	36.696	191.42
1386.1	12.251	36.708	191.41
1387.1	12.266	36.715	191.39
1388.1	12.272	36.712	191.37
1389.1	12.255	36.71	191.34
1390.0	12.211	36.706	191.3
1391.0	12.202	36.698	191.26
1392.0	12.215	36.694	191.22
1393.0	12.205	36.691	191.17
1394.0	12.225	36.692	191.11
1395.0	12.3	36.704	191.05
1396.0	12.365	36.72	191.01
1396.9	12.38	36.732	190.99
1397.9	12.379	36.737	190.97
1398.9	12.373	36.739	190.96
1399.9	12.358	36.734	190.94
1400.9	12.338	36.719	190.91
1401.9	12.351	36.713	190.89
1402.9	12.375	36.724	190.88
1403.8	12.343	36.732	190.9
1404.8	12.334	36.729	190.94
1405.8	12.361	36.73	190.98
1406.8	12.372	36.733	191.01
1407.8	12.369	36.735	191.04
1408.8	12.368	36.734	191.06
1409.8	12.353	36.73	191.1
1410.8	12.323	36.721	191.16
1411.7	12.314	36.718	191.24
1412.7	12.292	36.716	191.34
1413.7	12.209	36.699	191.43
1414.7	12.126	36.68	191.52
1415.7	12.097	36.671	191.59
1416.7	12.087	36.668	191.65
1417.7	12.074	36.665	191.72
1418.6	12.068	36.66	191.79
1419.6	12.063	36.66	191.86
1420.6	12.055	36.662	191.91
1421.6	12.049	36.659	191.94
1422.6	12.045	36.657	191.97
1423.6	12.042	36.657	191.97
1424.6	12.037	36.656	191.97
1425.5	12.031	36.655	191.96
1426.5	12.019	36.653	191.96
1427.5			
1428.5			
1429.5			
1430.5			
1431.5			
1432.4			
1433.4			
1434.4			
1435.4			
1436.4			
1437.4			
1438.4			
1439.3			
1440.3			
1441.3			
1442.3			
1443.3			
1444.3			
1445.3			
1446.2			
1447.2			
1448.2			
1449.2			
1450.2			
1451.2			
1452.2			
1453.1			
1454.1			
1455.1			
1456.1			
1457.1			
1458.1			
1459.1			
1460.0			
1461.0			
1462.0			
1463.0			
1464.0			
1465.0			
1466.0			
1466.9			
1467.9			
1468.9			
1469.9			
1470.9			
1471.9			
1472.9			
1473.8			
1474.8			
1475.8			
1476.8			
1477.8			
1478.8			
1479.8			
1480.7			
1481.7			
1482.7			
1483.7			
1484.7			
1485.7			
1486.7			
1487.6			
1488.6			
1489.6			
1490.6			
1491.6			
1492.6			
1493.6			
1494.5			
1495.5			
1496.5			
1497.5			
1498.5			
1499.5			
1500.5			
1501.4			
1502.4			
1503.4			
1504.4			
1505.4			
1506.4			
1507.4			
1508.3			
1509.3			
1510.3			
1511.3			
1512.3			
1513.3			
1514.3			
1515.2			
1516.2			
1517.2			
1518.2			
1519.2			
1520.2			
1521.2			
1522.1			
1523.1			
1524.1			
1525.1			
1526.1			
1527.1			
1528.0			
1529.0			
1530.0			
1531.0			
1532.0			
1533.0			
1534.0			
1534.9			
1535.9			
1536.9			
1537.9			
1538.9			
1539.9			
1540.9			
1541.8			
1542.8			
1543.8			
1544.8			
1545.8			
1546.8			
1547.8			
1548.7			
1549.7			
1550.7			
1551.7			
1552.7			
1553.7			
1554.7			
1555.6			
1556.6			
1557.6			
1558.6			
1559.6			
1560.6			
1561.6			
1562.5			
1563.5			
1564.5			
1565.5			
1566.5			
1567.5			
1568.4			
1569.4			
1570.4			
1571.4			
1572.4			
1573.4			
1574.4			
1575.3			
1576.3			
1577.3			
1578.3			
1579.3			
1580.3			
1581.3			
1582.2			
1583.2			
1584.2			
1585.2			
1586.2			
1587.2			
1588.2			
1589.1			
1590.1			
1591.1			
1592.1			
1593.1			
1594.1			
1595.0			
1596.0			
1597.0			
1598.0			
1599.0			
1600.0			
1601.0			
1601.9			
1602.9			
1603.9			
1604.9			
1605.9			
1606.9			
1607.9			
1608.8			
1609.8			
1610.8			
1611.8			
1612.8			
1613.8			
1614.7			
1615.7			
1616.7			
1617.7			
1618.7			
1619.7			
1620.7			
1621.6			
1622.6			
1623.6			
1624.6			
1625.6			
1626.6			
1627.6			
1628.5			
1629.5			
1630.5			
1631.5			
1632.5			
1633.5			
1634.4			
1635.4			
1636.4			
1637.4			
1638.4			
1639.4			
1640.4			
1641.3			
1642.3			
1643.3			
1644.3			
1645.3			
1646.3			
1647.3			
1648.2			
1649.2			
1650.2			
1651.2			
1652.2			
1653.2			
1654.1			
1655.1			
1656.1			
1657.1			
1658.1			
1659.1			
1660.1			
1661.0			
1662.0			
1663.0			
1664.0			
1665.0			
1666.0			
1666.9			
1667.9			
1668.9			
1669.9			
1670.9			
1671.9			
1672.9			
1673.8			
1674.8			
1675.8			
1676.8			
1677.8			
1678.8			
1679.7			
1680.7			
1681.7			
1682.7			
1683.7			
1684.7			
1685.7			
1686.6			
1687.6			
1688.6			
1689.6			
1690.6			
1691.6			
1692.5			
1693.5			
1694.5			
1695.5			
1696.5			
1697.5			
1698.5			
1699.4			
1700.4			
1701.4			
1702.4			
1703.4			
1704.4			
1705.3			
1706.3			
1707.3			
1708.3			
1709.3			
1710.3			
1711.3			
1712.2			
1713.2			
1714.2			
1715.2			
1716.2			
1717.2			
1718.1			
1719.1			
1720.1			
1721.1			
1722.1			
1723.1			
1724.1			
1725.0			
1726.0			
1727.0			
1728.0			
1729.0			
1730.0			
1730.9			
1731.9			
1732.9			
1733.9			
1734.9			
1735.9			
1736.9			
1737.8			
1738.8			
1739.8			
1740.8			
1741.8			
1742.8			
1743.7			
1744.7			
1745.7			
1746.7			
1747.7			
1748.7			
1749.7			
1750.6			
1751.6			
1752.6			
1753.6			
1754.6			
1755.6			
1756.5			
1757.5			
1758.5			
1759.5			
1760.5			
1761.5			
1762.4			
1763.4			
1764.4			
1765.4			
1766.4			
1767.4			
1768.4			
1769.3			
1770.3			
1771.3			
1772.3			
1773.3			
1774.3			
1775.2			
1776.2			
1777.2			
1778.2			
1779.2			
1780.2			
1781.1			
1782.1			
1783.1			
1784.1			
1785.1			
1786.1			
1787.1			
1788.0			
1789.0			
1790.0			
1791.0			
1792.0			
1793.0			
1793.9			
1794.9			
1795.9			
1796.9			
1797.9			
1798.9			
1799.8			
1800.8			
1801.8			
1802.8			
1803.8			
1804.8			
1805.8			
1806.7			
1807.7			
1808.7			
1809.7			
1810.7			
1811.7			
1812.6			
1813.6			
1814.6			
1815.6			
1816.6			
1817.6			
1818.5			
1819.5			
1820.5			
1821.5			
1822.5			
1823.5			
1824.5			
1825.4			
1826.4			
1827.4			
1828.4			
1829.4			
1830.4			
1831.3			
1832.3			
1833.3			
1834.3			
1835.3			
1836.3			
1837.2			
1838.2			
1839.2			
1840.2			
1841.2			
1842.2			
1843.1			
1844.1			
1845.1			
1846.1			
1847.1			
1848.1			
1849.1			
1850.0			
1851.0			
1852.0			
1853.0			
1854.0			
1855.0			
1855.9			
1856.9			
1857.9			
1858.9			
1859.9			
1860.9			
1861.8			
1862.8			
1863.8			
1864.8			
1865.8			
1866.8			
1867.7			
1868.7			
1869.7			
1870.7			
1871.7			
1872.7			
1873.6			
1874.6			
1875.6			
1876.6			
1877.6			
1878.6			
1879.6			
1880.5			
1881.5			
1882.5			
1883.5			
1884.5			
1885.5			
1886.4			
1887.4			
1888.4			
1889.4			
1890.4			
1891.4			
1892.3			
1893.3			
1894.3			
1895.3			
1896.3			
1897.3			
1898.2			
1899.2			
1900.2			
1901.2			
1902.2			
1903.2			
1904.1			
1905.1			
1906.1			
1907.1			
1908.1			
1909.1			
1910.0			
1911.0			
1912.0			
1913.0			
1914.0			
1915.0			
1915.9			
1916.9			
1917.9			
1918.9			
1919.9			
1920.9			
1921.8			
1922.8			
1923.8			
1924.8			
1925.8			
1926.8			
1927.8			
1928.7			
1929.7			
1930.7			
1931.7			
1932.7			
1933.7			
1934.6			
1935.6			
1936.6			
1937.6			
1938.6			
1939.6			
1940.5			
1941.5			
1942.5			
1943.5			
1944.5			
1945.5			
1946.4			
1947.4			
1948.4			
1949.4			
1950.4			
1951.4			
1952.3			
1953.3			
1954.3			
1955.3			
1956.3			
1957.3			
1958.2			
1959.2			
1960.2			
1961.2			
1962.2			
1963.2			
1964.1			
1965.1			
1966.1			
1967.1			
1968.1			
1969.1			
1970.0			
1971.0			
1972.0			
1973.0			
1974.0			
1975.0			
1975.9			
1976.9			
1977.9			
1978.9			
1979.9			
1980.9			
1981.8			
1982.8			
1983.8			
1984.8			
1985.8			
1986.8			
1987.7			
1988.7			
1989.7			
1990.7			
1991.7			
1992.7			
1993.6			
1994.6			
1995.6			
1996.6			
1997.6			
1998.6			
1999.5			
2000.5			
2001.5			
2002.5			
2003.5			
2004.5			
2005.4			
2006.4			
2007.4			
2008.4			
2009.4			
2010.4			
2011.3			
2012.3			
2013.3			
2014.3			
2015.3			
2016.3			
2017.2			
2018.2			
2019.2			
2020.2			
2021.2			
2022.2			
2023.1			
2024.1			
2025.1			
2026.1			
2027.1			
2028.0			
2029.0			
2030.0			
2031.0			
2032.0			
2033.0			
2033.9			
2034.9			
2035.9			
2036.9			
2037.9			
2038.9			
2039.8			
2040.8			
2041.8			
2042.8			
2043.8			
2044.8			
2045.7			
2046.7			
2047.7			
2048.7			
2049.7			
2050.7			
2051.6			
2052.6			
2053.6			
2054.6			
2055.6			
2056.6			
2057.5			
2058.5			
2059.5			
2060.5			
2061.5			
2062.5			
2063.4			
2064.4			
2065.4			
2066.4			
2067.4			
2068.4			
2069.3			
2070.3			
2071.3			
2072.3			
2073.3			
2074.3			
2075.2			
2076.2			
2077.2			
2078.2			
2079.2			
2080.1			
2081.1			
2082.1			
2083.1			
2084.1			
2085.1			
2086.0			
2087.0			
2088.0			
2089.0			
2090.0			
2091.0			
2091.9			
2092.9			
2093.9			
2094.9			
2095.9			
2096.9			
2097.8			
2098.8			
2099.8			
2100.8			
2101.8			
2102.8			
2103.7			
2104.7			
2105.7			
2106.7			
2107.7			
2108.6			
2109.6			
2110.6			
2111.6			
2112.6			
2113.6			
2114.5			
2115.5			
2116.5			
2117.5			
2118.5			
2119.5			
2120.4			
2121.4			
2122.4			
2123.4			
2124.4			
2125.4			
2126.3			
2127.3			
2128.3			
2129.3			
2130.3			
2131.2			
2132.2			
2133.2			
2134.2			
2135.2			
2136.2			
2137.1			
2138.1			
2139.1			
2140.1			
2141.1			
2142.1			
2143.0			
2144.0			
2145.0			
2146.0			
2147.0			
