Depth [m]	Temperature [degC]	Salinity [PSU]	Oxygen [umol/kg]
1.0	19.764	36.34	226.34
2.0	19.764	36.34	226.65
3.0	19.764	36.34	226.98
4.0	19.764	36.34	227.38
5.0	19.764	36.34	227.84
6.0	19.764	36.34	228.41
6.9	19.764	36.34	229.09
7.9	19.765	36.339	229.91
8.9	19.762	36.342	230.83
9.9	19.712	36.351	231.82
10.9	19.579	36.361	232.86
11.9	19.437	36.357	233.9
12.9	19.355	36.346	234.91
13.9	19.305	36.342	235.89
14.9	19.261	36.342	236.84
15.9	19.222	36.342	237.77
16.9	19.192	36.343	238.67
17.9	19.136	36.359	239.52
18.9	19.026	36.385	240.32
19.9	18.901	36.396	241.07
20.8	18.778	36.399	241.81
21.8	18.627	36.404	242.53
22.8	18.439	36.408	243.26
23.8	18.21	36.413	243.97
24.8	17.938	36.413	244.63
25.8	17.714	36.4	245.22
26.8	17.587	36.38	245.73
27.8	17.489	36.373	246.16
28.8	17.3	36.376	246.53
29.8	17.091	36.367	246.81
30.8	16.985	36.346	247.0
31.8	16.94	36.328	247.08
32.8	16.923	36.32	247.03
33.7	16.903	36.32	246.83
34.7	16.866	36.321	246.53
35.7	16.822	36.32	246.17
36.7	16.761	36.319	245.78
37.7	16.679	36.317	245.36
38.7	16.614	36.305	244.89
39.7	16.589	36.293	244.39
40.7	16.578	36.29	243.83
41.7	16.561	36.289	243.25
42.7	16.544	36.287	242.67
43.7	16.532	36.284	242.13
44.7	16.526	36.283	241.67
45.7	16.518	36.283	241.27
46.7	16.509	36.283	240.89
47.6	16.501	36.282	240.49
48.6	16.487	36.282	240.07
49.6	16.45	36.284	239.62
50.6	16.397	36.282	239.16
51.6	16.357	36.273	238.69
52.6	16.331	36.267	238.21
53.6	16.303	36.264	237.68
54.6	16.264	36.263	237.07
55.6	16.208	36.26	236.37
56.6	16.157	36.252	235.59
57.6	16.139	36.242	234.76
58.6	16.136	36.238	233.9
59.6	16.134	36.239	233.01
60.5	16.124	36.24	232.13
61.5	16.105	36.239	231.25
62.5	16.084	36.236	230.37
63.5	16.068	36.234	229.48
64.5	16.053	36.231	228.6
65.5	16.038	36.229	227.73
66.5	16.019	36.229	226.89
67.5	15.996	36.228	226.05
68.5	15.972	36.224	225.22
69.5	15.95	36.22	224.4
70.5	15.929	36.218	223.6
71.5	15.885	36.218	222.8
72.5	15.814	36.212	222.0
73.4	15.754	36.199	221.18
74.4	15.733	36.186	220.37
75.4	15.729	36.183	219.6
76.4	15.727	36.182	218.88
77.4	15.72	36.183	218.19
78.4	15.698	36.184	217.55
79.4	15.658	36.181	216.95
80.4	15.615	36.172	216.38
81.4	15.585	36.164	215.83
82.4	15.562	36.159	215.31
83.4	15.548	36.156	214.83
84.4	15.54	36.155	214.41
85.4	15.523	36.155	214.03
86.3	15.497	36.152	213.67
87.3	15.476	36.147	213.32
88.3	15.464	36.143	212.98
89.3	15.451	36.141	212.65
90.3	15.436	36.139	212.34
91.3	15.417	36.137	212.04
92.3	15.387	36.134	211.77
93.3	15.35	36.129	211.49
94.3	15.322	36.122	211.16
95.3	15.306	36.118	210.75
96.3	15.291	36.115	210.29
97.3	15.276	36.112	209.77
98.3	15.259	36.11	209.2
99.2	15.238	36.108	208.59
100.2	15.218	36.104	207.96
101.2	15.202	36.1	207.3
102.2	15.168	36.098	206.6
103.2	15.127	36.088	205.88
104.2	15.117	36.076	205.18
105.2	15.091	36.073	204.6
106.2	15.04	36.07	204.15
107.2	15.01	36.067	203.81
108.2	14.994	36.064	203.57
109.2	14.982	36.062	203.43
110.2	14.975	36.06	203.37
111.2	14.97	36.059	203.39
112.1	14.965	36.058	203.48
113.1	14.96	36.057	203.65
114.1	14.956	36.057	203.89
115.1	14.948	36.056	204.14
116.1	14.932	36.056	204.36
117.1	14.904	36.054	204.53
118.1	14.865	36.05	204.67
119.1	14.828	36.044	204.79
120.1	14.797	36.038	204.89
121.1	14.772	36.032	204.94
122.1	14.746	36.027	204.95
123.1	14.729	36.023	204.91
124.0	14.718	36.019	204.84
125.0	14.71	36.018	204.76
126.0	14.703	36.017	204.69
127.0	14.697	36.015	204.63
128.0	14.692	36.015	204.57
129.0	14.682	36.015	204.5
130.0	14.667	36.013	204.41
131.0	14.654	36.011	204.33
132.0	14.644	36.009	204.28
133.0	14.635	36.007	204.28
134.0	14.629	36.005	204.29
135.0	14.625	36.004	204.31
136.0	14.621	36.004	204.31
136.9	14.604	36.005	204.3
137.9	14.569	36.005	204.27
138.9	14.537	35.998	204.25
139.9	14.519	35.991	204.23
140.9	14.505	35.989	204.21
141.9	14.493	35.987	204.19
142.9	14.481	35.985	204.15
143.9	14.466	35.983	204.08
144.9	14.452	35.981	204.0
145.9	14.442	35.978	203.92
146.9	14.43	35.978	203.85
147.9	14.405	35.978	203.8
148.8	14.366	35.975	203.76
149.8	14.328	35.967	203.72
150.8	14.304	35.961	203.66
151.8	14.28	35.958	203.59
152.8	14.25	35.954	203.52
153.8	14.222	35.948	203.46
154.8	14.207	35.942	203.43
155.8	14.193	35.94	203.4
156.8	14.165	35.939	203.37
157.8	14.134	35.934	203.34
158.8	14.111	35.929	203.29
159.8	14.088	35.927	203.24
160.8	14.07	35.923	203.2
161.7	14.063	35.919	203.15
162.7	14.058	35.917	203.12
163.7	14.054	35.916	203.1
164.7	14.051	35.916	203.07
165.7	14.047	35.915	203.05
166.7	14.044	35.914	203.03
167.7	14.042	35.914	203.02
168.7	14.04	35.913	203.01
169.7	14.036	35.913	203.01
170.7	14.032	35.912	203.01
171.7	14.03	35.911	203.01
172.7	14.027	35.911	203.03
173.6	14.024	35.911	203.05
174.6	14.02	35.91	203.06
175.6	14.016	35.909	203.06
176.6	14.011	35.909	203.04
177.6	14.003	35.909	203.01
178.6	13.993	35.908	202.97
179.6	13.984	35.906	202.94
180.6	13.978	35.903	202.92
181.6	13.973	35.902	202.9
182.6	13.97	35.901	202.87
183.6	13.967	35.901	202.83
184.6	13.963	35.9	202.8
185.5	13.96	35.899	202.79
186.5	13.958	35.899	202.81
187.5	13.951	35.899	202.85
188.5	13.939	35.899	202.89
189.5	13.926	35.897	202.91
190.5	13.92	35.894	202.93
191.5	13.917	35.894	202.93
192.5	13.913	35.894	202.92
193.5	13.909	35.894	202.9
194.5	13.907	35.895	202.88
195.5	13.897	35.897	202.86
196.5	13.877	35.898	202.82
197.5	13.858	35.894	202.75
198.4	13.848	35.89	202.67
199.4	13.84	35.889	202.57
200.4	13.825	35.889	202.47
201.4	13.797	35.889	202.37
202.4	13.752	35.889	202.28
203.4	13.701	35.882	202.21
204.4	13.667	35.871	202.14
205.4	13.651	35.865	202.06
206.4	13.628	35.863	201.97
207.4	13.603	35.859	201.85
208.4	13.585	35.856	201.74
209.4	13.572	35.853	201.63
210.3	13.565	35.851	201.55
211.3	13.559	35.848	201.5
212.3	13.555	35.848	201.45
213.3	13.549	35.847	201.39
214.3	13.541	35.846	201.31
215.3	13.532	35.846	201.22
216.3	13.522	35.844	201.15
217.3	13.513	35.843	201.1
218.3	13.507	35.842	201.1
219.3	13.502	35.841	201.12
220.3	13.499	35.84	201.14
221.3	13.497	35.839	201.13
222.2	13.495	35.839	201.08
223.2	13.492	35.839	201.02
224.2	13.486	35.839	200.98
225.2	13.477	35.839	200.97
226.2	13.471	35.837	200.98
227.2	13.47	35.836	200.99
228.2	13.469	35.836	201.0
229.2	13.467	35.836	200.98
230.2	13.465	35.836	200.95
231.2	13.462	35.835	200.92
232.2	13.458	35.835	200.92
233.2	13.455	35.835	200.96
234.1	13.449	35.835	201.02
235.1	13.441	35.834	201.07
236.1	13.431	35.833	201.11
237.1	13.418	35.833	201.12
238.1	13.394	35.833	201.13
239.1	13.361	35.831	201.13
240.1	13.341	35.825	201.14
241.1	13.331	35.82	201.16
242.1	13.324	35.819	201.17
243.1	13.312	35.818	201.16
244.1	13.3	35.816	201.13
245.0	13.287	35.815	201.09
246.0	13.271	35.814	201.05
247.0	13.25	35.812	201.03
248.0	13.228	35.809	201.02
249.0	13.208	35.805	201.01
250.0	13.196	35.801	201.01
251.0	13.187	35.8	201.0
252.0	13.179	35.798	201.0
253.0	13.175	35.796	201.0
254.0	13.171	35.796	201.01
255.0	13.166	35.795	201.03
256.0	13.16	35.795	201.05
256.9	13.154	35.794	201.07
257.9	13.147	35.793	201.09
258.9	13.139	35.792	201.09
259.9	13.128	35.791	201.1
260.9	13.106	35.791	201.1
261.9	13.084	35.787	201.1
262.9	13.073	35.783	201.1
263.9	13.068	35.781	201.11
264.9	13.062	35.78	201.12
265.9	13.053	35.78	201.14
266.9	13.045	35.778	201.15
267.9	13.042	35.777	201.16
268.8	13.039	35.777	201.17
269.8	13.029	35.778	201.18
270.8	13.011	35.777	201.19
271.8	12.997	35.775	201.2
272.8	12.985	35.772	201.21
273.8	12.974	35.771	201.22
274.8	12.964	35.768	201.21
275.8	12.957	35.767	201.2
276.8	12.95	35.766	201.17
277.8	12.943	35.765	201.14
278.8	12.938	35.764	201.11
279.7	12.934	35.764	201.06
280.7	12.925	35.764	201.02
281.7	12.907	35.765	200.99
282.7	12.885	35.762	200.96
283.7	12.871	35.758	200.92
284.7	12.867	35.755	200.86
285.7	12.861	35.755	200.79
286.7	12.851	35.755	200.72
287.7	12.839	35.754	200.64
288.7	12.822	35.753	200.55
289.7	12.801	35.752	200.47
290.7	12.785	35.749	200.4
291.6	12.778	35.746	200.32
292.6	12.775	35.744	200.23
293.6	12.772	35.744	200.13
294.6	12.767	35.744	200.05
295.6	12.765	35.744	199.99
296.6	12.764	35.743	199.93
297.6	12.759	35.744	199.88
298.6	12.749	35.744	199.82
299.6	12.737	35.742	199.78
300.6	12.731	35.74	199.73
301.6	12.73	35.74	199.69
302.5	12.728	35.741	199.64
303.5	12.723	35.743	199.58
304.5	12.719	35.742	199.51
305.5	12.71	35.743	199.43
306.5	12.695	35.742	199.34
307.5	12.676	35.739	199.26
308.5	12.658	35.736	199.19
309.5	12.641	35.733	199.12
310.5	12.63	35.73	199.04
311.5	12.623	35.729	198.95
312.5	12.621	35.728	198.86
313.5	12.62	35.728	198.77
314.4	12.623	35.729	198.7
315.4	12.627	35.732	198.65
316.4	12.625	35.734	198.62
317.4	12.616	35.735	198.59
318.4	12.603	35.734	198.55
319.4	12.593	35.732	198.5
320.4	12.588	35.731	198.45
321.4	12.583	35.73	198.4
322.4	12.577	35.73	198.38
323.4	12.568	35.73	198.37
324.4	12.556	35.729	198.36
325.3	12.542	35.728	198.35
326.3	12.53	35.726	198.33
327.3	12.522	35.723	198.28
328.3	12.516	35.723	198.23
329.3	12.503	35.723	198.19
330.3	12.487	35.722	198.16
331.3	12.473	35.72	198.13
332.3	12.458	35.717	198.08
333.3	12.444	35.715	198.02
334.3	12.429	35.714	197.94
335.3	12.417	35.711	197.84
336.2	12.409	35.709	197.75
337.2	12.396	35.708	197.67
338.2	12.376	35.708	197.6
339.2	12.356	35.704	197.52
340.2	12.344	35.701	197.43
341.2	12.335	35.699	197.34
342.2	12.325	35.698	197.26
343.2	12.316	35.697	197.2
344.2	12.301	35.696	197.15
345.2	12.283	35.695	197.12
346.2	12.269	35.692	197.09
347.1	12.263	35.689	197.05
348.1	12.263	35.687	197.02
349.1	12.262	35.687	196.98
350.1	12.261	35.687	196.96
351.1	12.26	35.687	196.95
352.1	12.259	35.687	196.93
353.1	12.258	35.687	196.91
354.1	12.257	35.687	196.86
355.1	12.252	35.689	196.82
356.1	12.243	35.689	196.78
357.1	12.232	35.689	196.73
358.0	12.214	35.687	196.68
359.0	12.197	35.683	196.64
360.0	12.188	35.68	196.58
361.0	12.184	35.678	196.52
362.0	12.181	35.678	196.45
363.0	12.18	35.677	196.39
364.0	12.177	35.677	196.34
365.0	12.174	35.677	196.3
366.0	12.17	35.677	196.26
367.0	12.165	35.676	196.22
368.0	12.152	35.677	196.17
368.9	12.13	35.677	196.13
369.9	12.116	35.673	196.1
370.9	12.114	35.671	196.07
371.9	12.113	35.671	196.06
372.9	12.111	35.671	196.04
373.9	12.11	35.671	196.02
374.9	12.11	35.672	196.0
375.9	12.108	35.673	195.97
376.9	12.099	35.674	195.93
377.9	12.088	35.674	195.89
378.9	12.073	35.674	195.86
379.8	12.051	35.671	195.83
380.8	12.031	35.667	195.81
381.8	12.018	35.664	195.79
382.8	12.011	35.663	195.75
383.8	12.007	35.664	195.72
384.8	12.004	35.664	195.69
385.8	12.0	35.664	195.66
386.8	11.996	35.664	195.65
387.8	11.989	35.665	195.65
388.8	11.983	35.664	195.65
389.8	11.979	35.663	195.65
390.7	11.976	35.663	195.64
391.7	11.966	35.663	195.62
392.7	11.945	35.664	195.59
393.7	11.921	35.661	195.56
394.7	11.907	35.657	195.52
395.7	11.903	35.654	195.47
396.7	11.9	35.654	195.42
397.7	11.897	35.653	195.36
398.7	11.888	35.654	195.29
399.7	11.875	35.654	195.21
400.7	11.864	35.652	195.12
401.6	11.859	35.651	195.03
402.6	11.852	35.65	194.93
403.6	11.84	35.65	194.83
404.6	11.818	35.65	194.74
405.6	11.793	35.648	194.67
406.6	11.776	35.644	194.6
407.6	11.764	35.641	194.54
408.6	11.752	35.639	194.49
409.6	11.744	35.637	194.45
410.6	11.742	35.635	194.4
411.6	11.741	35.635	194.35
412.5	11.739	35.634	194.31
413.5	11.738	35.634	194.27
414.5	11.738	35.634	194.24
415.5	11.738	35.634	194.22
416.5	11.738	35.634	194.19
417.5	11.731	35.635	194.15
418.5	11.715	35.636	194.09
419.5	11.695	35.636	194.02
420.5	11.683	35.633	193.95
421.5	11.68	35.631	193.88
422.5	11.679	35.63	193.83
423.4	11.677	35.631	193.77
424.4	11.675	35.631	193.7
425.4	11.672	35.631	193.63
426.4	11.67	35.631	193.54
427.4	11.669	35.63	193.46
428.4	11.669	35.63	193.39
429.4	11.669	35.63	193.34
430.4	11.667	35.631	193.3
431.4	11.662	35.632	193.26
432.4	11.653	35.632	193.2
433.3	11.641	35.632	193.14
434.3	11.629	35.632	193.07
435.3	11.621	35.63	193.02
436.3	11.616	35.629	192.98
437.3	11.611	35.628	192.94
438.3	11.606	35.628	192.91
439.3	11.6	35.628	192.87
440.3	11.593	35.628	192.82
441.3	11.589	35.627	192.77
442.3	11.586	35.626	192.73
443.3	11.584	35.626	192.69
444.2	11.581	35.626	192.66
445.2	11.573	35.627	192.63
446.2	11.56	35.627	192.59
447.2	11.55	35.626	192.53
448.2	11.545	35.625	192.48
449.2	11.541	35.624	192.41
450.2	11.537	35.624	192.34
451.2	11.533	35.624	192.26
452.2	11.529	35.625	192.17
453.2	11.52	35.627	192.07
454.2	11.508	35.628	191.96
455.1	11.5	35.628	191.85
456.1	11.496	35.627	191.74
457.1	11.494	35.627	191.62
458.1	11.492	35.628	191.51
459.1	11.488	35.628	191.39
460.1	11.483	35.629	191.26
461.1	11.479	35.629	191.12
462.1	11.474	35.629	190.98
463.1	11.468	35.63	190.86
464.1	11.463	35.629	190.74
465.0	11.459	35.629	190.63
466.0	11.453	35.63	190.52
467.0	11.443	35.63	190.42
468.0	11.435	35.629	190.32
469.0	11.43	35.628	190.22
470.0	11.428	35.628	190.13
471.0	11.424	35.629	190.06
472.0	11.417	35.629	189.99
473.0	11.409	35.63	189.9
474.0	11.4	35.63	189.8
475.0	11.39	35.63	189.68
475.9	11.377	35.63	189.54
476.9	11.365	35.629	189.4
477.9	11.356	35.628	189.25
478.9	11.348	35.628	189.09
479.9	11.341	35.628	188.92
480.9	11.337	35.628	188.74
481.9	11.333	35.628	188.55
482.9	11.327	35.629	188.36
483.9	11.32	35.63	188.19
484.9	11.313	35.63	188.05
485.8	11.309	35.629	187.94
486.8	11.307	35.628	187.83
487.8	11.303	35.629	187.74
488.8	11.298	35.63	187.64
489.8	11.293	35.629	187.52
490.8	11.289	35.629	187.4
491.8	11.283	35.63	187.28
492.8	11.276	35.63	187.16
493.8	11.267	35.631	187.05
494.8	11.259	35.632	186.93
495.7	11.253	35.633	186.81
496.7	11.248	35.633	186.69
497.7	11.242	35.635	186.55
498.7	11.234	35.635	186.41
499.7	11.227	35.636	186.28
500.7	11.219	35.636	186.17
501.7	11.213	35.635	186.09
502.7	11.211	35.634	186.03
503.7	11.208	35.635	185.98
504.7	11.202	35.635	185.91
505.7	11.197	35.635	185.82
506.6	11.194	35.634	185.72
507.6	11.192	35.634	185.61
508.6	11.192	35.634	185.53
509.6	11.192	35.634	185.46
510.6	11.192	35.634	185.39
511.6	11.193	35.634	185.32
512.6	11.193	35.634	185.24
513.6	11.192	35.635	185.16
514.6	11.191	35.635	185.1
515.6	11.19	35.635	185.05
516.5	11.189	35.636	185.03
517.5	11.186	35.637	185.01
518.5	11.181	35.638	185.0
519.5	11.176	35.639	184.97
520.5	11.173	35.639	184.94
521.5	11.171	35.64	184.9
522.5	11.17	35.64	184.88
523.5	11.17	35.641	184.86
524.5	11.169	35.642	184.84
525.5	11.167	35.644	184.82
526.4	11.162	35.645	184.78
527.4	11.156	35.648	184.75
528.4	11.152	35.649	184.74
529.4	11.15	35.649	184.74
530.4	11.147	35.649	184.76
531.4	11.144	35.65	184.77
532.4	11.142	35.65	184.76
533.4	11.141	35.651	184.74
534.4	11.139	35.652	184.71
535.4	11.136	35.653	184.66
536.3	11.134	35.653	184.61
537.3	11.131	35.654	184.56
538.3	11.129	35.654	184.51
539.3	11.126	35.654	184.43
540.3	11.122	35.654	184.33
541.3	11.119	35.653	184.22
542.3	11.116	35.653	184.12
543.3	11.114	35.653	184.03
544.3	11.113	35.652	183.96
545.3	11.112	35.653	183.9
546.2	11.11	35.654	183.85
547.2	11.109	35.654	183.81
548.2	11.11	35.655	183.77
549.2	11.112	35.655	183.75
550.2	11.115	35.657	183.73
551.2	11.118	35.659	183.72
552.2	11.12	35.662	183.71
553.2	11.122	35.665	183.71
554.2	11.123	35.668	183.71
555.2	11.121	35.669	183.71
556.1	11.118	35.671	183.71
557.1	11.113	35.673	183.7
558.1	11.109	35.674	183.69
559.1	11.108	35.676	183.66
560.1	11.111	35.677	183.63
561.1	11.114	35.678	183.6
562.1	11.117	35.679	183.58
563.1	11.12	35.681	183.55
564.1	11.122	35.682	183.52
565.1	11.123	35.684	183.48
566.0	11.122	35.686	183.44
567.0	11.127	35.688	183.4
568.0	11.137	35.693	183.36
569.0	11.149	35.702	183.33
570.0	11.158	35.707	183.3
571.0	11.162	35.71	183.28
572.0	11.168	35.711	183.25
573.0	11.18	35.715	183.22
574.0	11.189	35.722	183.19
575.0	11.189	35.728	183.15
575.9	11.184	35.73	183.09
576.9	11.177	35.73	183.01
577.9	11.171	35.73	182.92
578.9	11.166	35.729	182.83
579.9	11.158	35.729	182.73
580.9	11.15	35.728	182.62
581.9	11.136	35.727	182.51
582.9	11.115	35.725	182.39
583.9	11.102	35.721	182.27
584.9	11.112	35.722	182.15
585.8	11.141	35.732	182.06
586.8	11.16	35.743	182.01
587.8	11.168	35.748	181.98
588.8	11.182	35.751	181.98
589.8	11.199	35.757	182.0
590.8	11.217	35.764	182.03
591.8	11.235	35.771	182.08
592.8	11.244	35.778	182.15
593.8	11.24	35.78	182.24
594.8	11.232	35.779	182.34
595.7	11.227	35.777	182.44
596.7	11.225	35.777	182.53
597.7	11.224	35.776	182.61
598.7	11.224	35.776	182.69
599.7	11.229	35.777	182.75
600.7	11.239	35.78	182.81
601.7	11.244	35.783	182.87
602.7	11.247	35.784	182.91
603.7	11.253	35.786	182.92
604.7	11.26	35.79	182.92
605.6	11.26	35.794	182.89
606.6	11.251	35.797	182.84
607.6	11.235	35.796	182.77
608.6	11.189	35.792	182.69
609.6	11.141	35.782	182.59
610.6	11.111	35.768	182.47
611.6	11.108	35.762	182.33
612.6	11.124	35.764	182.18
613.6	11.155	35.769	182.04
614.5	11.198	35.78	181.91
615.5	11.222	35.794	181.79
616.5	11.249	35.808	181.68
617.5	11.273	35.816	181.59
618.5	11.266	35.826	181.51
619.5	11.234	35.824	181.44
620.5	11.219	35.816	181.37
621.5	11.221	35.816	181.29
622.5	11.21	35.819	181.21
623.5	11.195	35.815	181.12
624.4	11.179	35.813	181.03
625.4	11.153	35.81	180.93
626.4	11.127	35.803	180.83
627.4	11.109	35.796	180.72
628.4	11.099	35.792	180.61
629.4	11.087	35.79	180.51
630.4	11.087	35.788	180.41
631.4	11.102	35.792	180.34
632.4	11.125	35.8	180.3
633.4	11.157	35.808	180.29
634.3	11.184	35.818	180.31
635.3	11.206	35.826	180.37
636.3	11.23	35.831	180.45
637.3	11.249	35.837	180.55
638.3	11.265	35.843	180.66
639.3	11.289	35.848	180.79
640.3	11.318	35.856	180.92
641.3	11.337	35.865	181.07
642.3	11.349	35.871	181.22
643.3	11.355	35.875	181.37
644.2	11.36	35.88	181.5
645.2	11.359	35.885	181.61
646.2	11.354	35.886	181.69
647.2	11.353	35.886	181.75
648.2	11.352	35.887	181.77
649.2	11.35	35.887	181.78
650.2	11.347	35.887	181.78
651.2	11.344	35.887	181.76
652.2	11.339	35.887	181.73
653.1	11.329	35.886	181.68
654.1	11.323	35.883	181.62
655.1	11.325	35.882	181.56
656.1	11.332	35.883	181.52
657.1	11.345	35.885	181.49
658.1	11.365	35.89	181.49
659.1	11.379	35.898	181.5
660.1	11.38	35.901	181.53
661.1	11.377	35.902	181.57
662.1	11.375	35.902	181.6
663.0	11.364	35.902	181.63
664.0	11.339	35.901	181.64
665.0	11.31	35.895	181.63
666.0	11.295	35.889	181.61
667.0	11.286	35.888	181.57
668.0	11.27	35.889	181.53
669.0	11.257	35.885	181.48
670.0	11.259	35.884	181.46
671.0	11.273	35.887	181.45
671.9	11.29	35.89	181.47
672.9	11.355	35.897	181.52
673.9	11.501	35.934	181.6
674.9	11.587	35.977	181.73
675.9	11.598	35.999	181.91
676.9	11.586	36.003	182.12
677.9	11.557	36.005	182.36
678.9	11.497	35.999	182.59
679.9	11.452	35.983	182.8
680.9	11.451	35.974	182.96
681.8	11.462	35.974	183.09
682.8	11.477	35.978	183.18
683.8	11.496	35.983	183.24
684.8	11.508	35.99	183.3
685.8	11.511	35.994	183.33
686.8	11.51	35.994	183.35
687.8	11.512	35.994	183.37
688.8	11.517	35.995	183.4
689.8	11.527	35.997	183.45
690.7	11.549	36.001	183.54
691.7	11.625	36.02	183.67
692.7	11.713	36.05	183.84
693.7	11.738	36.066	184.04
694.7	11.738	36.072	184.26
695.7	11.736	36.073	184.49
696.7	11.736	36.072	184.73
697.7	11.735	36.072	184.96
698.7	11.732	36.072	185.19
699.6	11.728	36.07	185.4
700.6	11.728	36.07	185.59
701.6	11.731	36.07	185.76
702.6	11.73	36.071	185.92
703.6	11.729	36.07	186.07
704.6	11.729	36.07	186.2
705.6	11.729	36.07	186.33
706.6	11.726	36.07	186.45
707.6	11.723	36.068	186.56
708.6	11.723	36.067	186.65
709.5	11.724	36.068	186.75
710.5	11.724	36.068	186.84
711.5	11.732	36.068	186.93
712.5	11.748	36.073	187.01
713.5	11.768	36.084	187.08
714.5	11.776	36.09	187.14
715.5	11.775	36.097	187.18
716.5	11.765	36.103	187.2
717.5	11.745	36.104	187.22
718.4	11.733	36.1	187.22
719.4	11.73	36.098	187.21
720.4	11.728	36.098	187.2
721.4	11.721	36.099	187.17
722.4	11.714	36.099	187.15
723.4	11.712	36.097	187.13
724.4	11.712	36.096	187.13
725.4	11.717	36.097	187.13
726.4	11.731	36.104	187.14
727.3	11.744	36.114	187.16
728.3	11.747	36.119	187.2
729.3	11.756	36.119	187.25
730.3	11.773	36.126	187.31
731.3	11.785	36.136	187.38
732.3	11.786	36.14	187.45
733.3	11.784	36.141	187.52
734.3	11.78	36.141	187.58
735.3	11.776	36.141	187.64
736.3	11.772	36.141	187.69
737.2	11.761	36.143	187.73
738.2	11.75	36.144	187.76
739.2	11.741	36.145	187.78
740.2	11.737	36.145	187.78
741.2	11.735	36.146	187.78
742.2	11.731	36.147	187.76
743.2	11.723	36.147	187.75
744.2	11.718	36.146	187.74
745.2	11.717	36.146	187.72
746.1	11.718	36.146	187.7
747.1	11.718	36.146	187.69
748.1	11.719	36.147	187.67
749.1	11.721	36.148	187.66
750.1	11.723	36.15	187.65
751.1	11.724	36.151	187.64
752.1	11.725	36.151	187.64
753.1	11.725	36.153	187.64
754.1	11.725	36.155	187.64
755.0	11.724	36.157	187.64
756.0	11.725	36.158	187.64
757.0	11.724	36.16	187.65
758.0	11.719	36.164	187.64
759.0	11.712	36.165	187.63
760.0	11.704	36.165	187.62
761.0	11.691	36.165	187.61
762.0	11.68	36.163	187.59
763.0	11.664	36.161	187.57
763.9	11.652	36.16	187.53
764.9	11.651	36.159	187.49
765.9	11.65	36.159	187.44
766.9	11.649	36.16	187.39
767.9	11.648	36.161	187.32
768.9	11.646	36.163	187.22
769.9	11.642	36.162	187.1
770.9	11.64	36.162	186.95
771.9	11.64	36.161	186.79
772.8	11.639	36.163	186.62
773.8	11.637	36.165	186.45
774.8	11.636	36.167	186.27
775.8	11.637	36.167	186.08
776.8	11.637	36.166	185.87
777.8	11.637	36.167	185.67
778.8	11.638	36.167	185.49
779.8	11.638	36.168	185.37
780.8	11.64	36.167	185.3
781.7	11.651	36.17	185.26
782.7	11.654	36.173	185.26
783.7	11.667	36.176	185.26
784.7	11.707	36.185	185.28
785.7	11.717	36.193	185.33
786.7	11.719	36.195	185.42
787.7	11.719	36.196	185.54
788.7	11.719	36.198	185.68
789.7	11.719	36.198	185.83
790.6	11.721	36.2	185.96
791.6	11.727	36.203	186.08
792.6	11.732	36.205	186.2
793.6	11.734	36.208	186.33
794.6	11.734	36.209	186.47
795.6	11.734	36.209	186.64
796.6	11.734	36.208	186.79
797.6	11.734	36.208	186.94
798.6	11.737	36.209	187.07
799.5	11.741	36.21	187.18
800.5	11.744	36.212	187.29
801.5	11.746	36.214	187.39
802.5	11.744	36.215	187.47
803.5	11.742	36.215	187.55
804.5	11.745	36.216	187.61
805.5	11.749	36.218	187.65
806.5	11.75	36.22	187.66
807.5	11.75	36.22	187.66
808.4	11.751	36.219	187.66
809.4	11.753	36.219	187.65
810.4	11.754	36.221	187.64
811.4	11.752	36.222	187.63
812.4	11.748	36.222	187.63
813.4	11.745	36.221	187.63
814.4	11.742	36.22	187.62
815.4	11.741	36.22	187.62
816.4	11.741	36.219	187.62
817.3	11.745	36.219	187.64
818.3	11.753	36.22	187.66
819.3	11.763	36.223	187.69
820.3	11.77	36.227	187.72
821.3	11.772	36.229	187.75
822.3	11.773	36.23	187.76
823.3	11.774	36.23	187.78
824.3	11.777	36.23	187.79
825.3	11.784	36.231	187.81
826.2	11.791	36.235	187.83
827.2	11.791	36.24	187.85
828.2	11.785	36.243	187.86
829.2	11.779	36.242	187.87
830.2	11.771	36.241	187.87
831.2	11.763	36.24	187.86
832.2	11.758	36.238	187.86
833.2	11.757	36.238	187.86
834.2	11.756	36.238	187.86
835.1	11.758	36.239	187.86
836.1	11.753	36.241	187.85
837.1	11.733	36.241	187.83
838.1	11.715	36.237	187.79
839.1	11.702	36.233	187.74
840.1	11.693	36.233	187.69
841.1	11.668	36.234	187.63
842.1	11.634	36.229	187.56
843.1	11.614	36.218	187.47
844.0	11.608	36.213	187.36
845.0	11.591	36.214	187.23
846.0	11.56	36.212	187.09
847.0	11.54	36.203	186.93
848.0	11.535	36.198	186.77
849.0	11.506	36.201	186.6
850.0	11.445	36.197	186.43
851.0	11.378	36.177	186.25
852.0	11.362	36.168	186.06
852.9	11.353	36.163	185.88
853.9	11.338	36.161	185.71
854.9	11.328	36.158	185.55
855.9	11.323	36.154	185.4
856.9	11.316	36.157	185.26
857.9	11.295	36.155	185.13
858.9	11.282	36.15	185.03
859.9	11.274	36.148	184.94
860.8	11.265	36.146	184.85
861.8	11.259	36.144	184.78
862.8	11.251	36.143	184.72
863.8	11.24	36.142	184.66
864.8	11.231	36.139	184.61
865.8	11.225	36.138	184.55
866.8	11.211	36.137	184.5
867.8	11.202	36.135	184.46
868.8	11.202	36.134	184.42
869.7	11.198	36.134	184.38
870.7	11.193	36.134	184.33
871.7	11.188	36.133	184.29
872.7	11.199	36.131	184.25
873.7	11.224	36.137	184.22
874.7	11.24	36.146	184.19
875.7	11.24	36.15	184.17
876.7	11.233	36.15	184.14
877.7	11.227	36.149	184.12
878.6	11.222	36.147	184.09
879.6	11.218	36.146	184.05
880.6	11.217	36.145	184.03
881.6	11.216	36.145	184.01
882.6	11.242	36.145	183.99
883.6	11.286	36.158	183.98
884.6	11.301	36.17	183.96
885.6	11.327	36.178	183.95
886.5	11.35	36.181	183.94
887.5	11.361	36.184	183.95
888.5	11.382	36.179	183.97
889.5	11.413	36.188	184.01
890.5	11.423	36.196	184.07
891.5	11.443	36.202	184.14
892.5	11.495	36.212	184.23
893.5	11.571	36.234	184.34
894.5	11.618	36.253	184.47
895.4	11.627	36.26	184.63
896.4	11.645	36.262	184.83
897.4	11.699	36.272	185.03
898.4	11.799	36.296	185.26
899.4	11.858	36.321	185.49
900.4	11.869	36.337	185.74
901.4	11.875	36.339	185.99
902.4	11.892	36.343	186.24
903.4	11.916	36.353	186.47
904.3	11.93	36.369	186.69
905.3	11.933	36.377	186.89
906.3	11.934	36.377	187.06
907.3	11.934	36.376	187.2
908.3	11.933	36.375	187.32
909.3	11.935	36.377	187.42
910.3	11.936	36.379	187.49
911.3	11.936	36.379	187.53
912.2	11.937	36.378	187.54
913.2	11.94	36.38	187.54
914.2	11.943	36.383	187.54
915.2	11.943	36.383	187.55
916.2	11.943	36.384	187.57
917.2	11.942	36.385	187.59
918.2	11.942	36.385	187.61
919.2	11.942	36.385	187.63
920.2	11.942	36.386	187.66
921.1	11.942	36.386	187.71
922.1	11.942	36.386	187.78
923.1	11.942	36.386	187.86
924.1	11.942	36.386	187.94
925.1	11.942	36.386	188.02
926.1	11.943	36.386	188.09
927.1	11.945	36.386	188.15
928.1	11.947	36.387	188.22
929.0	11.947	36.388	188.28
930.0	11.946	36.387	188.35
931.0	11.945	36.386	188.41
932.0	11.945	36.386	188.46
933.0	11.947	36.386	188.5
934.0	11.955	36.388	188.53
935.0	11.962	36.391	188.56
936.0	11.964	36.393	188.6
937.0	11.964	36.393	188.63
937.9	11.968	36.394	188.66
938.9	11.968	36.394	188.69
939.9	11.966	36.394	188.7
940.9	11.966	36.393	188.71
941.9	11.969	36.393	188.71
942.9	11.971	36.394	188.73
943.9	11.974	36.395	188.74
944.9	11.977	36.396	188.76
945.8	11.979	36.397	188.76
946.8	11.984	36.398	188.75
947.8	11.987	36.4	188.72
948.8	11.986	36.4	188.68
949.8	11.989	36.399	188.64
950.8	11.998	36.401	188.61
951.8	12.008	36.406	188.56
952.8	12.01	36.409	188.51
953.8	12.019	36.411	188.43
954.7	12.033	36.417	188.33
955.7	12.049	36.421	188.22
956.7	12.07	36.426	188.12
957.7	12.095	36.43	188.04
958.7	12.127	36.442	188.0
959.7	12.137	36.456	188.0
960.7	12.135	36.461	188.03
961.7	12.135	36.461	188.07
962.6	12.136	36.461	188.13
963.6	12.141	36.462	188.23
964.6	12.148	36.465	188.37
965.6	12.152	36.468	188.55
966.6	12.151	36.47	188.76
967.6	12.146	36.471	188.97
968.6	12.14	36.473	189.17
969.6	12.135	36.474	189.35
970.5	12.13	36.474	189.5
971.5	12.133	36.473	189.63
972.5	12.135	36.476	189.74
973.5	12.134	36.478	189.84
974.5	12.134	36.478	189.91
975.5	12.134	36.48	189.97
976.5	12.132	36.481	190.0
977.5	12.132	36.481	190.02
978.5	12.133	36.482	190.04
979.4	12.137	36.484	190.05
980.4	12.141	36.486	190.07
981.4	12.143	36.488	190.09
982.4	12.145	36.489	190.11
983.4	12.147	36.489	190.14
984.4	12.15	36.489	190.18
985.4	12.162	36.492	190.23
986.4	12.176	36.5	190.27
987.3	12.181	36.506	190.32
988.3	12.189	36.51	190.37
989.3	12.198	36.513	190.43
990.3	12.212	36.517	190.49
991.3	12.227	36.521	190.55
992.3	12.238	36.527	190.63
993.3	12.246	36.531	190.7
994.3	12.25	36.533	190.76
995.2	12.25	36.534	190.81
996.2	12.254	36.534	190.85
997.2	12.262	36.536	190.88
998.2	12.268	36.539	190.91
999.2	12.27	36.541	190.93
1000.2	12.273	36.542	190.94
1001.2	12.28	36.545	190.95
1002.2	12.283	36.546	190.95
1003.2	12.283	36.546	190.94
1004.1	12.285	36.548	190.93
1005.1	12.285	36.551	190.94
1006.1	12.284	36.554	190.96
1007.1	12.283	36.557	191.0
1008.1	12.281	36.559	191.05
1009.1	12.28	36.559	191.1
1010.1	12.278	36.559	191.15
1011.1	12.273	36.56	191.19
1012.0	12.264	36.56	191.22
1013.0	12.259	36.558	191.23
1014.0	12.258	36.557	191.23
1015.0	12.258	36.557	191.22
1016.0	12.259	36.557	191.17
1017.0	12.259	36.557	191.09
1018.0	12.259	36.558	190.96
1019.0	12.252	36.558	190.81
1019.9	12.242	36.556	190.64
1020.9	12.233	36.553	190.46
1021.9	12.229	36.552	190.28
1022.9	12.225	36.551	190.13
1023.9	12.224	36.551	190.0
1024.9	12.225	36.551	189.88
1025.9	12.225	36.552	189.76
1026.9	12.226	36.554	189.68
1027.8	12.227	36.556	189.65
1028.8	12.226	36.557	189.67
1029.8	12.226	36.558	189.74
1030.8	12.228	36.559	189.82
1031.8	12.23	36.562	189.92
1032.8	12.226	36.563	190.02
1033.8	12.22	36.563	190.11
1034.8	12.214	36.562	190.2
1035.7	12.215	36.562	190.3
1036.7	12.216	36.562	190.39
1037.7	12.215	36.563	190.48
1038.7	12.211	36.562	190.54
1039.7	12.208	36.561	190.58
1040.7	12.209	36.56	190.58
1041.7	12.21	36.561	190.57
1042.7	12.21	36.561	190.54
1043.7	12.209	36.562	190.49
1044.6	12.208	36.563	190.44
1045.6	12.207	36.564	190.36
1046.6	12.208	36.564	190.26
1047.6	12.208	36.564	190.13
1048.6	12.208	36.564	189.97
1049.6	12.208	36.564	189.81
1050.6	12.209	36.564	189.64
1051.6	12.209	36.564	189.49
1052.5	12.208	36.564	189.35
1053.5	12.206	36.564	189.21
1054.5	12.204	36.564	189.08
1055.5	12.202	36.563	188.95
1056.5	12.204	36.563	188.85
1057.5	12.204	36.564	188.8
1058.5	12.204	36.565	188.8
1059.5	12.204	36.565	188.84
1060.4	12.204	36.565	188.9
1061.4	12.204	36.565	188.98
1062.4	12.205	36.566	189.07
1063.4	12.205	36.567	189.18
1064.4	12.205	36.569	189.32
1065.4	12.206	36.571	189.49
1066.4	12.206	36.573	189.68
1067.4	12.206	36.574	189.86
1068.3	12.206	36.574	190.01
1069.3	12.206	36.574	190.16
1070.3	12.207	36.575	190.28
1071.3	12.21	36.577	190.4
1072.3	12.213	36.58	190.5
1073.3	12.214	36.581	190.6
1074.3	12.214	36.581	190.68
1075.3	12.214	36.581	190.74
1076.2	12.215	36.581	190.77
1077.2	12.216	36.581	190.8
1078.2	12.217	36.582	190.81
1079.2	12.218	36.582	190.82
1080.2	12.219	36.583	190.82
1081.2	12.22	36.583	190.82
1082.2	12.221	36.584	190.82
1083.2	12.222	36.585	190.81
1084.1	12.222	36.585	190.81
1085.1	12.223	36.585	190.8
1086.1	12.224	36.586	190.79
1087.1	12.225	36.587	190.8
1088.1	12.225	36.587	190.8
1089.1	12.226	36.587	190.81
1090.1	12.227	36.588	190.82
1091.1	12.229	36.588	190.82
1092.0	12.231	36.589	190.83
1093.0	12.234	36.59	190.84
1094.0	12.235	36.591	190.86
1095.0	12.239	36.593	190.89
1096.0	12.244	36.595	190.91
1097.0	12.249	36.597	190.94
1098.0	12.255	36.598	190.96
1099.0	12.265	36.602	191.0
1099.9	12.277	36.608	191.04
1100.9	12.294	36.613	191.09
1101.9	12.3	36.619	191.14
1102.9	12.301	36.622	191.21
1103.9	12.302	36.621	191.27
1104.9	12.306	36.621	191.34
1105.9	12.318	36.621	191.41
1106.9	12.339	36.627	191.49
1107.8	12.357	36.635	191.57
1108.8	12.364	36.64	191.64
1109.8	12.366	36.641	191.71
1110.8	12.366	36.641	191.78
1111.8	12.368	36.641	191.85
1112.8	12.368	36.642	191.92
1113.8	12.368	36.642	191.99
1114.8	12.37	36.642	192.06
1115.7	12.379	36.643	192.13
1116.7	12.404	36.647	192.19
1117.7	12.436	36.657	192.26
1118.7	12.455	36.668	192.33
1119.7	12.457	36.673	192.4
1120.7	12.458	36.674	192.47
1121.7	12.459	36.674	192.54
1122.7	12.46	36.675	192.6
1123.6	12.461	36.675	192.66
1124.6	12.461	36.677	192.71
1125.6	12.463	36.679	192.76
1126.6	12.465	36.681	192.79
1127.6	12.467	36.682	192.81
1128.6	12.469	36.683	192.82
1129.6	12.472	36.684	192.83
1130.5	12.473	36.686	192.83
1131.5	12.471	36.687	192.83
1132.5	12.468	36.688	192.82
1133.5	12.468	36.687	192.8
1134.5	12.468	36.688	192.78
1135.5	12.468	36.688	192.75
1136.5	12.469	36.688	192.72
1137.5	12.469	36.689	192.69
1138.4	12.469	36.69	192.66
1139.4	12.469	36.69	192.63
1140.4	12.47	36.69	192.6
1141.4	12.471	36.69	192.56
1142.4	12.471	36.69	192.54
1143.4	12.471	36.69	192.52
1144.4	12.472	36.691	192.5
1145.4	12.472	36.691	192.49
1146.3	12.473	36.691	192.48
1147.3	12.473	36.691	192.48
1148.3	12.473	36.691	192.5
1149.3	12.473	36.692	192.53
1150.3	12.474	36.692	192.58
1151.3	12.475	36.693	192.63
1152.3	12.476	36.694	192.68
1153.3	12.477	36.696	192.73
1154.2	12.479	36.699	192.78
1155.2	12.479	36.7	192.83
1156.2	12.478	36.701	192.89
1157.2	12.478	36.701	192.94
1158.2	12.478	36.701	192.99
1159.2	12.478	36.701	193.02
1160.2	12.478	36.701	193.03
1161.2	12.478	36.701	193.03
1162.1	12.478	36.701	193.02
1163.1	12.479	36.701	193.01
1164.1	12.479	36.701	192.99
1165.1	12.48	36.702	192.96
1166.1	12.481	36.703	192.93
1167.1	12.481	36.703	192.89
1168.1	12.483	36.704	192.84
1169.1	12.484	36.705	192.8
1170.0	12.486	36.706	192.77
1171.0	12.487	36.707	192.76
1172.0	12.49	36.71	192.76
1173.0	12.492	36.713	192.77
1174.0	12.493	36.715	192.79
1175.0	12.494	36.717	192.82
1176.0	12.494	36.718	192.85
1176.9	12.494	36.718	192.89
1177.9	12.495	36.718	192.94
1178.9	12.495	36.718	193.0
1179.9	12.495	36.719	193.05
1180.9	12.495	36.72	193.09
1181.9	12.495	36.72	193.11
1182.9	12.495	36.72	193.13
1183.9	12.494	36.72	193.14
1184.8	12.491	36.721	193.14
1185.8	12.488	36.722	193.14
1186.8	12.49	36.724	193.14
1187.8	12.49	36.725	193.13
1188.8	12.491	36.725	193.12
1189.8	12.493	36.726	193.1
1190.8	12.494	36.727	193.09
1191.8	12.495	36.728	193.08
1192.7	12.495	36.728	193.08
1193.7	12.496	36.728	193.09
1194.7	12.501	36.729	193.1
1195.7	12.505	36.732	193.11
1196.7	12.505	36.733	193.12
1197.7	12.504	36.732	193.13
1198.7	12.503	36.731	193.12
1199.6	12.504	36.731	193.11
1200.6	12.508	36.732	193.09
1201.6	12.51	36.733	193.06
1202.6	12.509	36.734	193.02
1203.6	12.509	36.734	192.93
1204.6	12.51	36.734	192.8
1205.6	12.511	36.734	192.61
1206.6	12.512	36.734	192.36
1207.5	12.514	36.734	192.06
1208.5	12.516	36.735	191.72
1209.5	12.517	36.736	191.35
1210.5	12.517	36.737	190.94
1211.5	12.517	36.737	190.48
1212.5	12.518	36.736	189.97
1213.5	12.518	36.736	189.43
1214.5			
1215.4			
1216.4			
1217.4			
1218.4			
1219.4			
1220.4			
1221.4			
1222.3			
1223.3			
1224.3			
1225.3			
1226.3			
1227.3			
1228.3			
1229.3			
1230.2			
1231.2			
1232.2			
1233.2			
1234.2			
1235.2			
1236.2			
1237.1			
1238.1			
1239.1			
1240.1			
1241.1			
1242.1			
1243.1			
1244.1			
1245.0			
1246.0			
1247.0			
1248.0			
1249.0			
1250.0			
1251.0			
1252.0			
1252.9			
1253.9			
1254.9			
1255.9			
1256.9			
1257.9			
1258.9			
1259.8			
1260.8			
1261.8			
1262.8			
1263.8			
1264.8			
1265.8			
1266.8			
1267.7			
1268.7			
1269.7			
1270.7			
1271.7			
1272.7			
1273.7			
1274.6			
1275.6			
1276.6			
1277.6			
1278.6			
1279.6			
1280.6			
1281.5			
1282.5			
1283.5			
1284.5			
1285.5			
1286.5			
1287.5			
1288.5			
1289.4			
1290.4			
1291.4			
1292.4			
1293.4			
1294.4			
1295.4			
1296.3			
1297.3			
1298.3			
1299.3			
1300.3			
1301.3			
1302.3			
1303.3			
1304.2			
1305.2			
1306.2			
1307.2			
1308.2			
1309.2			
1310.2			
1311.1			
1312.1			
1313.1			
1314.1			
1315.1			
1316.1			
1317.1			
1318.1			
1319.0			
1320.0			
1321.0			
1322.0			
1323.0			
1324.0			
1325.0			
1325.9			
1326.9			
1327.9			
1328.9			
1329.9			
1330.9			
1331.9			
1332.8			
1333.8			
1334.8			
1335.8			
1336.8			
1337.8			
1338.8			
1339.7			
1340.7			
1341.7			
1342.7			
1343.7			
1344.7			
1345.7			
1346.7			
1347.6			
1348.6			
1349.6			
1350.6			
1351.6			
1352.6			
1353.6			
1354.5			
1355.5			
1356.5			
1357.5			
1358.5			
1359.5			
1360.5			
1361.4			
1362.4			
1363.4			
1364.4			
1365.4			
1366.4			
1367.4			
1368.4			
1369.3			
1370.3			
1371.3			
1372.3			
1373.3			
1374.3			
1375.3			
1376.2			
1377.2			
1378.2			
1379.2			
1380.2			
1381.2			
1382.2			
1383.1			
1384.1			
1385.1			
1386.1			
1387.1			
1388.1			
1389.1			
1390.0			
1391.0			
1392.0			
1393.0			
1394.0			
1395.0			
1396.0			
1396.9			
1397.9			
1398.9			
1399.9			
1400.9			
1401.9			
1402.9			
1403.8			
1404.8			
1405.8			
1406.8			
1407.8			
1408.8			
1409.8			
1410.8			
1411.7			
1412.7			
1413.7			
1414.7			
1415.7			
1416.7			
1417.7			
1418.6			
1419.6			
1420.6			
1421.6			
1422.6			
1423.6			
1424.6			
1425.5			
1426.5			
1427.5			
1428.5			
1429.5			
1430.5			
1431.5			
1432.4			
1433.4			
1434.4			
1435.4			
1436.4			
1437.4			
1438.4			
1439.3			
1440.3			
1441.3			
1442.3			
1443.3			
1444.3			
1445.3			
1446.2			
1447.2			
1448.2			
1449.2			
1450.2			
1451.2			
1452.2			
1453.1			
1454.1			
1455.1			
1456.1			
1457.1			
1458.1			
1459.1			
1460.0			
1461.0			
1462.0			
1463.0			
1464.0			
1465.0			
1466.0			
1466.9			
1467.9			
1468.9			
1469.9			
1470.9			
1471.9			
1472.9			
1473.8			
1474.8			
1475.8			
1476.8			
1477.8			
1478.8			
1479.8			
1480.7			
1481.7			
1482.7			
1483.7			
1484.7			
1485.7			
1486.7			
1487.6			
1488.6			
1489.6			
1490.6			
1491.6			
1492.6			
1493.6			
1494.5			
1495.5			
1496.5			
1497.5			
1498.5			
1499.5			
1500.5			
1501.4			
1502.4			
1503.4			
1504.4			
1505.4			
1506.4			
1507.4			
1508.3			
1509.3			
1510.3			
1511.3			
1512.3			
1513.3			
1514.3			
1515.2			
1516.2			
1517.2			
1518.2			
1519.2			
1520.2			
1521.2			
1522.1			
1523.1			
1524.1			
1525.1			
1526.1			
1527.1			
1528.0			
1529.0			
1530.0			
1531.0			
1532.0			
1533.0			
1534.0			
1534.9			
1535.9			
1536.9			
1537.9			
1538.9			
1539.9			
1540.9			
1541.8			
1542.8			
1543.8			
1544.8			
1545.8			
1546.8			
1547.8			
1548.7			
1549.7			
1550.7			
1551.7			
1552.7			
1553.7			
1554.7			
1555.6			
1556.6			
1557.6			
1558.6			
1559.6			
1560.6			
1561.6			
1562.5			
1563.5			
1564.5			
1565.5			
1566.5			
1567.5			
1568.4			
1569.4			
1570.4			
1571.4			
1572.4			
1573.4			
1574.4			
1575.3			
1576.3			
1577.3			
1578.3			
1579.3			
1580.3			
1581.3			
1582.2			
1583.2			
1584.2			
1585.2			
1586.2			
1587.2			
1588.2			
1589.1			
1590.1			
1591.1			
1592.1			
1593.1			
1594.1			
1595.0			
1596.0			
1597.0			
1598.0			
1599.0			
1600.0			
1601.0			
1601.9			
1602.9			
1603.9			
1604.9			
1605.9			
1606.9			
1607.9			
1608.8			
1609.8			
1610.8			
1611.8			
1612.8			
1613.8			
1614.7			
1615.7			
1616.7			
1617.7			
1618.7			
1619.7			
1620.7			
1621.6			
1622.6			
1623.6			
1624.6			
1625.6			
1626.6			
1627.6			
1628.5			
1629.5			
1630.5			
1631.5			
1632.5			
1633.5			
1634.4			
1635.4			
1636.4			
1637.4			
1638.4			
1639.4			
1640.4			
1641.3			
1642.3			
1643.3			
1644.3			
1645.3			
1646.3			
1647.3			
1648.2			
1649.2			
1650.2			
1651.2			
1652.2			
1653.2			
1654.1			
1655.1			
1656.1			
1657.1			
1658.1			
1659.1			
1660.1			
1661.0			
1662.0			
1663.0			
1664.0			
1665.0			
1666.0			
1666.9			
1667.9			
1668.9			
1669.9			
1670.9			
1671.9			
1672.9			
1673.8			
1674.8			
1675.8			
1676.8			
1677.8			
1678.8			
1679.7			
1680.7			
1681.7			
1682.7			
1683.7			
1684.7			
1685.7			
1686.6			
1687.6			
1688.6			
1689.6			
1690.6			
1691.6			
1692.5			
1693.5			
1694.5			
1695.5			
1696.5			
1697.5			
1698.5			
1699.4			
1700.4			
1701.4			
1702.4			
1703.4			
1704.4			
1705.3			
1706.3			
1707.3			
1708.3			
1709.3			
1710.3			
1711.3			
1712.2			
1713.2			
1714.2			
1715.2			
1716.2			
1717.2			
1718.1			
1719.1			
1720.1			
1721.1			
1722.1			
1723.1			
1724.1			
1725.0			
1726.0			
1727.0			
1728.0			
1729.0			
1730.0			
1730.9			
1731.9			
1732.9			
1733.9			
1734.9			
1735.9			
1736.9			
1737.8			
1738.8			
1739.8			
1740.8			
1741.8			
1742.8			
1743.7			
1744.7			
1745.7			
1746.7			
1747.7			
1748.7			
1749.7			
1750.6			
1751.6			
1752.6			
1753.6			
1754.6			
1755.6			
1756.5			
1757.5			
1758.5			
1759.5			
1760.5			
1761.5			
1762.4			
1763.4			
1764.4			
1765.4			
1766.4			
1767.4			
1768.4			
1769.3			
1770.3			
1771.3			
1772.3			
1773.3			
1774.3			
1775.2			
1776.2			
1777.2			
1778.2			
1779.2			
1780.2			
1781.1			
1782.1			
1783.1			
1784.1			
1785.1			
1786.1			
1787.1			
1788.0			
1789.0			
1790.0			
1791.0			
1792.0			
1793.0			
1793.9			
1794.9			
1795.9			
1796.9			
1797.9			
1798.9			
1799.8			
1800.8			
1801.8			
1802.8			
1803.8			
1804.8			
1805.8			
1806.7			
1807.7			
1808.7			
1809.7			
1810.7			
1811.7			
1812.6			
1813.6			
1814.6			
1815.6			
1816.6			
1817.6			
1818.5			
1819.5			
1820.5			
1821.5			
1822.5			
1823.5			
1824.5			
1825.4			
1826.4			
1827.4			
1828.4			
1829.4			
1830.4			
1831.3			
1832.3			
1833.3			
1834.3			
1835.3			
1836.3			
1837.2			
1838.2			
1839.2			
1840.2			
1841.2			
1842.2			
1843.1			
1844.1			
1845.1			
1846.1			
1847.1			
1848.1			
1849.1			
1850.0			
1851.0			
1852.0			
1853.0			
1854.0			
1855.0			
1855.9			
1856.9			
1857.9			
1858.9			
1859.9			
1860.9			
1861.8			
1862.8			
1863.8			
1864.8			
1865.8			
1866.8			
1867.7			
1868.7			
1869.7			
1870.7			
1871.7			
1872.7			
1873.6			
1874.6			
1875.6			
1876.6			
1877.6			
1878.6			
1879.6			
1880.5			
1881.5			
1882.5			
1883.5			
1884.5			
1885.5			
1886.4			
1887.4			
1888.4			
1889.4			
1890.4			
1891.4			
1892.3			
1893.3			
1894.3			
1895.3			
1896.3			
1897.3			
1898.2			
1899.2			
1900.2			
1901.2			
1902.2			
1903.2			
1904.1			
1905.1			
1906.1			
1907.1			
1908.1			
1909.1			
1910.0			
1911.0			
1912.0			
1913.0			
1914.0			
1915.0			
1915.9			
1916.9			
1917.9			
1918.9			
1919.9			
1920.9			
1921.8			
1922.8			
1923.8			
1924.8			
1925.8			
1926.8			
1927.8			
1928.7			
1929.7			
1930.7			
1931.7			
1932.7			
1933.7			
1934.6			
1935.6			
1936.6			
1937.6			
1938.6			
1939.6			
1940.5			
1941.5			
1942.5			
1943.5			
1944.5			
1945.5			
1946.4			
1947.4			
1948.4			
1949.4			
1950.4			
1951.4			
1952.3			
1953.3			
1954.3			
1955.3			
1956.3			
1957.3			
1958.2			
1959.2			
1960.2			
1961.2			
1962.2			
1963.2			
1964.1			
1965.1			
1966.1			
1967.1			
1968.1			
1969.1			
1970.0			
1971.0			
1972.0			
1973.0			
1974.0			
1975.0			
1975.9			
1976.9			
1977.9			
1978.9			
1979.9			
1980.9			
1981.8			
1982.8			
1983.8			
1984.8			
1985.8			
1986.8			
1987.7			
1988.7			
1989.7			
1990.7			
1991.7			
1992.7			
1993.6			
1994.6			
1995.6			
1996.6			
1997.6			
1998.6			
1999.5			
2000.5			
2001.5			
2002.5			
2003.5			
2004.5			
2005.4			
2006.4			
2007.4			
2008.4			
2009.4			
2010.4			
2011.3			
2012.3			
2013.3			
2014.3			
2015.3			
2016.3			
2017.2			
2018.2			
2019.2			
2020.2			
2021.2			
2022.2			
2023.1			
2024.1			
2025.1			
2026.1			
2027.1			
2028.0			
2029.0			
2030.0			
2031.0			
2032.0			
2033.0			
2033.9			
2034.9			
2035.9			
2036.9			
2037.9			
2038.9			
2039.8			
2040.8			
2041.8			
2042.8			
2043.8			
2044.8			
2045.7			
2046.7			
2047.7			
2048.7			
2049.7			
2050.7			
2051.6			
2052.6			
2053.6			
2054.6			
2055.6			
2056.6			
2057.5			
2058.5			
2059.5			
2060.5			
2061.5			
2062.5			
2063.4			
2064.4			
2065.4			
2066.4			
2067.4			
2068.4			
2069.3			
2070.3			
2071.3			
2072.3			
2073.3			
2074.3			
2075.2			
2076.2			
2077.2			
2078.2			
2079.2			
2080.1			
2081.1			
2082.1			
2083.1			
2084.1			
2085.1			
2086.0			
2087.0			
2088.0			
2089.0			
2090.0			
2091.0			
2091.9			
2092.9			
2093.9			
2094.9			
2095.9			
2096.9			
2097.8			
2098.8			
2099.8			
2100.8			
2101.8			
2102.8			
2103.7			
2104.7			
2105.7			
2106.7			
2107.7			
2108.6			
2109.6			
2110.6			
2111.6			
2112.6			
2113.6			
2114.5			
2115.5			
2116.5			
2117.5			
2118.5			
2119.5			
2120.4			
2121.4			
2122.4			
2123.4			
2124.4			
2125.4			
2126.3			
2127.3			
2128.3			
2129.3			
2130.3			
2131.2			
2132.2			
2133.2			
2134.2			
2135.2			
2136.2			
2137.1			
2138.1			
2139.1			
2140.1			
2141.1			
2142.1			
2143.0			
2144.0			
2145.0			
2146.0			
2147.0			
