Depth [m]	Temperature [degC]	Salinity [PSU]	Oxygen [umol/kg]
1.0	17.664	36.022	235.33
2.0	17.664	36.022	236.95
3.0	17.664	36.022	238.58
4.0	17.664	36.022	240.25
5.0	17.664	36.022	241.97
6.0	17.664	36.022	243.78
6.9	17.668	36.022	245.71
7.9	17.668	36.023	247.73
8.9	17.658	36.024	249.72
9.9	17.638	36.025	251.62
10.9	17.6	36.028	253.39
11.9	17.55	36.028	255.03
12.9	17.521	36.023	256.51
13.9	17.513	36.021	257.82
14.9	17.495	36.022	258.94
15.9	17.416	36.023	259.88
16.9	17.325	36.021	260.63
17.9	17.296	36.017	261.22
18.9	17.291	36.015	261.68
19.9	17.284	36.016	262.07
20.8	17.269	36.017	262.42
21.8	17.232	36.02	262.74
22.8	17.171	36.023	263.03
23.8	17.109	36.019	263.32
24.8	17.058	36.019	263.61
25.8	16.974	36.026	263.9
26.8	16.86	36.027	264.16
27.8	16.782	36.018	264.36
28.8	16.743	36.012	264.52
29.8	16.721	36.012	264.65
30.8	16.686	36.014	264.76
31.8	16.651	36.013	264.85
32.8	16.633	36.01	264.91
33.7	16.63	36.008	264.92
34.7	16.627	36.008	264.89
35.7	16.622	36.009	264.81
36.7	16.616	36.008	264.72
37.7	16.614	36.008	264.68
38.7	16.605	36.009	264.68
39.7	16.594	36.009	264.72
40.7	16.588	36.008	264.75
41.7	16.583	36.007	264.75
42.7	16.572	36.007	264.67
43.7	16.554	36.007	264.5
44.7	16.535	36.008	264.26
45.7	16.506	36.012	263.92
46.7	16.467	36.018	263.43
47.6	16.424	36.024	262.75
48.6	16.37	36.04	261.83
49.6	16.301	36.069	260.66
50.6	16.203	36.097	259.22
51.6	16.088	36.112	257.55
52.6	16.009	36.117	255.68
53.6	15.924	36.118	253.67
54.6	15.819	36.109	251.58
55.6	15.762	36.096	249.44
56.6	15.743	36.099	247.28
57.6	15.722	36.113	245.15
58.6	15.679	36.124	243.1
59.6	15.627	36.125	241.17
60.5	15.594	36.124	239.4
61.5	15.58	36.123	237.81
62.5	15.569	36.121	236.39
63.5	15.561	36.12	235.13
64.5	15.558	36.119	234.02
65.5	15.553	36.12	233.03
66.5	15.521	36.124	232.13
67.5	15.454	36.126	231.32
68.5	15.387	36.12	230.56
69.5	15.339	36.114	229.85
70.5	15.28	36.109	229.15
71.5	15.214	36.1	228.47
72.5	15.165	36.091	227.79
73.4	15.124	36.087	227.13
74.4	15.066	36.085	226.5
75.4	15.004	36.075	225.9
76.4	14.969	36.064	225.33
77.4	14.953	36.058	224.78
78.4	14.943	36.055	224.27
79.4	14.931	36.054	223.8
80.4	14.913	36.052	223.38
81.4	14.899	36.048	223.01
82.4	14.89	36.046	222.68
83.4	14.882	36.045	222.38
84.4	14.876	36.044	222.11
85.4	14.866	36.043	221.86
86.3	14.855	36.042	221.63
87.3	14.837	36.042	221.41
88.3	14.789	36.041	221.19
89.3	14.718	36.031	220.97
90.3	14.668	36.018	220.74
91.3	14.642	36.012	220.49
92.3	14.617	36.009	220.21
93.3	14.587	36.006	219.88
94.3	14.549	36.004	219.5
95.3	14.511	35.998	219.08
96.3	14.486	35.99	218.62
97.3	14.479	35.987	218.13
98.3	14.472	35.986	217.63
99.2	14.459	35.985	217.13
100.2	14.437	35.982	216.63
101.2	14.411	35.979	216.13
102.2	14.384	35.974	215.65
103.2	14.365	35.969	215.23
104.2	14.351	35.967	214.92
105.2	14.329	35.963	214.73
106.2	14.311	35.961	214.63
107.2	14.295	35.959	214.61
108.2	14.277	35.956	214.62
109.2	14.26	35.953	214.68
110.2	14.248	35.951	214.75
111.2	14.239	35.949	214.84
112.1	14.234	35.947	214.95
113.1	14.228	35.946	215.06
114.1	14.216	35.947	215.16
115.1	14.192	35.945	215.21
116.1	14.17	35.94	215.21
117.1	14.163	35.936	215.16
118.1	14.161	35.934	215.09
119.1	14.155	35.934	215.0
120.1	14.15	35.933	214.91
121.1	14.145	35.932	214.83
122.1	14.139	35.932	214.76
123.1	14.13	35.932	214.69
124.0	14.119	35.93	214.61
125.0	14.11	35.928	214.51
126.0	14.102	35.926	214.38
127.0	14.095	35.924	214.23
128.0	14.09	35.923	214.06
129.0	14.077	35.924	213.86
130.0	14.05	35.923	213.64
131.0	14.023	35.918	213.39
132.0	14.007	35.913	213.08
133.0	14.001	35.912	212.73
134.0	14.0	35.911	212.36
135.0	13.999	35.911	211.97
136.0	13.997	35.911	211.58
136.9	13.991	35.911	211.2
137.9	13.983	35.91	210.83
138.9	13.978	35.909	210.46
139.9	13.975	35.909	210.11
140.9	13.97	35.908	209.78
141.9	13.967	35.908	209.47
142.9	13.965	35.907	209.2
143.9	13.96	35.907	208.94
144.9	13.951	35.907	208.71
145.9	13.94	35.905	208.47
146.9	13.934	35.903	208.24
147.9	13.925	35.904	208.02
148.8	13.902	35.906	207.81
149.8	13.873	35.903	207.61
150.8	13.854	35.897	207.42
151.8	13.846	35.893	207.23
152.8	13.832	35.892	207.04
153.8	13.809	35.891	206.87
154.8	13.791	35.887	206.73
155.8	13.777	35.884	206.61
156.8	13.766	35.881	206.52
157.8	13.756	35.879	206.45
158.8	13.742	35.878	206.41
159.8	13.725	35.877	206.39
160.8	13.714	35.874	206.38
161.7	13.705	35.872	206.39
162.7	13.697	35.871	206.41
163.7	13.689	35.869	206.43
164.7	13.68	35.868	206.45
165.7	13.668	35.868	206.46
166.7	13.64	35.868	206.46
167.7	13.593	35.864	206.46
168.7	13.546	35.855	206.46
169.7	13.519	35.847	206.44
170.7	13.51	35.843	206.41
171.7	13.508	35.842	206.38
172.7	13.507	35.842	206.34
173.6	13.504	35.842	206.3
174.6	13.499	35.842	206.25
175.6	13.491	35.841	206.2
176.6	13.479	35.841	206.15
177.6	13.462	35.841	206.09
178.6	13.446	35.838	206.03
179.6	13.435	35.835	205.96
180.6	13.421	35.834	205.89
181.6	13.399	35.833	205.81
182.6	13.383	35.829	205.73
183.6	13.374	35.827	205.65
184.6	13.371	35.826	205.56
185.5	13.367	35.826	205.48
186.5	13.363	35.825	205.4
187.5	13.359	35.824	205.33
188.5	13.357	35.824	205.26
189.5	13.355	35.823	205.19
190.5	13.353	35.823	205.14
191.5	13.35	35.823	205.09
192.5	13.349	35.822	205.06
193.5	13.348	35.822	205.02
194.5	13.348	35.822	205.0
195.5	13.347	35.822	204.98
196.5	13.346	35.822	204.96
197.5	13.345	35.822	204.95
198.4	13.344	35.822	204.95
199.4	13.341	35.822	204.95
200.4	13.336	35.821	204.94
201.4	13.334	35.82	204.93
202.4	13.333	35.82	204.93
203.4	13.332	35.82	204.92
204.4	13.329	35.82	204.92
205.4	13.323	35.82	204.92
206.4	13.314	35.819	204.92
207.4	13.306	35.818	204.91
208.4	13.3	35.817	204.91
209.4	13.293	35.816	204.91
210.3	13.288	35.815	204.92
211.3	13.286	35.814	204.93
212.3	13.282	35.813	204.95
213.3	13.275	35.813	204.96
214.3	13.268	35.812	204.98
215.3	13.26	35.811	205.0
216.3	13.239	35.811	205.02
217.3	13.206	35.808	205.05
218.3	13.169	35.803	205.07
219.3	13.132	35.798	205.08
220.3	13.099	35.793	205.08
221.3	13.071	35.788	205.07
222.2	13.054	35.783	205.06
223.2	13.044	35.78	205.04
224.2	13.041	35.779	205.02
225.2	13.039	35.779	204.99
226.2	13.039	35.778	204.97
227.2	13.038	35.778	204.94
228.2	13.038	35.778	204.92
229.2	13.04	35.778	204.89
230.2	13.041	35.778	204.87
231.2	13.04	35.779	204.87
232.2	13.035	35.779	204.86
233.2	13.027	35.778	204.86
234.1	13.02	35.777	204.87
235.1	13.013	35.776	204.87
236.1	13.005	35.775	204.87
237.1	12.993	35.775	204.87
238.1	12.979	35.773	204.85
239.1	12.969	35.77	204.84
240.1	12.967	35.769	204.82
241.1	12.962	35.77	204.81
242.1	12.946	35.771	204.78
243.1	12.921	35.768	204.76
244.1	12.907	35.763	204.73
245.0	12.905	35.761	204.7
246.0	12.902	35.76	204.66
247.0	12.9	35.76	204.62
248.0	12.895	35.761	204.59
249.0	12.883	35.761	204.56
250.0	12.866	35.758	204.53
251.0	12.856	35.756	204.5
252.0	12.845	35.755	204.47
253.0	12.829	35.755	204.44
254.0	12.813	35.753	204.41
255.0	12.801	35.75	204.39
256.0	12.795	35.748	204.37
256.9	12.792	35.747	204.36
257.9	12.79	35.747	204.35
258.9	12.788	35.746	204.34
259.9	12.785	35.746	204.33
260.9	12.776	35.747	204.31
261.9	12.756	35.747	204.29
262.9	12.724	35.746	204.26
263.9	12.687	35.743	204.23
264.9	12.657	35.738	204.18
265.9	12.636	35.733	204.12
266.9	12.621	35.729	204.05
267.9	12.612	35.726	203.97
268.8	12.601	35.725	203.87
269.8	12.586	35.724	203.77
270.8	12.569	35.721	203.66
271.8	12.559	35.719	203.54
272.8	12.554	35.717	203.42
273.8	12.549	35.717	203.3
274.8	12.543	35.717	203.17
275.8	12.534	35.716	203.04
276.8	12.521	35.716	202.9
277.8	12.505	35.715	202.76
278.8	12.488	35.714	202.63
279.7	12.474	35.711	202.5
280.7	12.467	35.707	202.38
281.7	12.465	35.706	202.25
282.7	12.464	35.706	202.13
283.7	12.462	35.706	202.02
284.7	12.459	35.705	201.92
285.7	12.456	35.705	201.83
286.7	12.453	35.705	201.77
287.7	12.451	35.704	201.72
288.7	12.447	35.704	201.67
289.7	12.436	35.705	201.63
290.7	12.422	35.704	201.6
291.6	12.408	35.702	201.57
292.6	12.393	35.7	201.55
293.6	12.38	35.698	201.52
294.6	12.373	35.696	201.5
295.6	12.367	35.696	201.48
296.6	12.362	35.695	201.45
297.6	12.355	35.695	201.42
298.6	12.349	35.694	201.38
299.6	12.343	35.693	201.35
300.6	12.339	35.692	201.31
301.6	12.333	35.692	201.27
302.5	12.324	35.692	201.24
303.5	12.317	35.69	201.21
304.5	12.31	35.689	201.18
305.5	12.304	35.688	201.15
306.5	12.297	35.688	201.12
307.5	12.289	35.687	201.09
308.5	12.279	35.687	201.06
309.5	12.267	35.686	201.03
310.5	12.259	35.684	200.99
311.5	12.255	35.682	200.95
312.5	12.253	35.682	200.91
313.5	12.248	35.682	200.87
314.4	12.241	35.682	200.82
315.4	12.236	35.681	200.77
316.4	12.229	35.68	200.71
317.4	12.219	35.68	200.63
318.4	12.207	35.679	200.54
319.4	12.192	35.679	200.43
320.4	12.176	35.678	200.31
321.4	12.165	35.676	200.18
322.4	12.162	35.675	200.04
323.4	12.164	35.675	199.88
324.4	12.169	35.677	199.71
325.3	12.179	35.68	199.53
326.3	12.198	35.682	199.34
327.3	12.236	35.688	199.15
328.3	12.281	35.698	198.97
329.3	12.335	35.711	198.79
330.3	12.391	35.73	198.63
331.3	12.408	35.749	198.49
332.3	12.399	35.758	198.36
333.3	12.387	35.757	198.24
334.3	12.377	35.754	198.13
335.3	12.371	35.753	198.03
336.2	12.367	35.752	197.95
337.2	12.366	35.752	197.87
338.2	12.366	35.752	197.81
339.2	12.37	35.753	197.77
340.2	12.382	35.755	197.73
341.2	12.397	35.759	197.71
342.2	12.411	35.765	197.68
343.2	12.422	35.769	197.65
344.2	12.43	35.773	197.63
345.2	12.437	35.775	197.62
346.2	12.444	35.776	197.62
347.1	12.451	35.778	197.64
348.1	12.459	35.78	197.67
349.1	12.461	35.783	197.7
350.1	12.459	35.784	197.73
351.1	12.456	35.783	197.77
352.1	12.457	35.782	197.81
353.1	12.465	35.782	197.85
354.1	12.476	35.784	197.89
355.1	12.446	35.786	197.93
356.1	12.341	35.772	197.95
357.1	12.259	35.752	197.95
358.0	12.234	35.745	197.93
359.0	12.194	35.738	197.88
360.0	12.156	35.727	197.82
361.0	12.136	35.718	197.74
362.0	12.134	35.713	197.63
363.0	12.177	35.712	197.52
364.0	12.258	35.724	197.39
365.0	12.347	35.754	197.26
366.0	12.418	35.785	197.13
367.0	12.44	35.799	197.02
368.0	12.444	35.805	196.91
368.9	12.452	35.806	196.82
369.9	12.475	35.809	196.74
370.9	12.55	35.826	196.67
371.9	12.647	35.856	196.6
372.9	12.721	35.883	196.55
373.9	12.785	35.903	196.51
374.9	12.826	35.916	196.48
375.9	12.847	35.926	196.46
376.9	12.858	35.933	196.45
377.9	12.871	35.939	196.44
378.9	12.883	35.949	196.44
379.8	12.89	35.958	196.43
380.8	12.894	35.962	196.42
381.8	12.899	35.965	196.43
382.8	12.904	35.967	196.46
383.8	12.912	35.968	196.5
384.8	12.922	35.971	196.54
385.8	12.932	35.976	196.59
386.8	12.943	35.98	196.64
387.8	12.955	35.985	196.68
388.8	12.966	35.989	196.71
389.8	12.979	35.992	196.74
390.7	12.993	35.997	196.77
391.7	13.006	36.002	196.8
392.7	13.019	36.008	196.83
393.7	13.031	36.012	196.84
394.7	13.041	36.017	196.84
395.7	13.049	36.022	196.84
396.7	13.053	36.026	196.82
397.7	13.058	36.029	196.8
398.7	13.067	36.033	196.78
399.7	13.075	36.038	196.77
400.7	13.081	36.041	196.78
401.6	13.087	36.045	196.8
402.6	13.092	36.052	196.81
403.6	13.093	36.06	196.82
404.6	13.095	36.066	196.83
405.6	13.098	36.071	196.82
406.6	13.108	36.079	196.81
407.6	13.12	36.09	196.81
408.6	13.127	36.097	196.81
409.6	13.131	36.1	196.81
410.6	13.141	36.102	196.81
411.6	13.154	36.107	196.81
412.5	13.161	36.111	196.8
413.5	13.163	36.113	196.8
414.5	13.165	36.114	196.81
415.5	13.164	36.115	196.82
416.5	13.161	36.116	196.84
417.5	13.156	36.116	196.87
418.5	13.146	36.116	196.91
419.5	13.128	36.113	196.94
420.5	13.118	36.108	196.96
421.5	13.119	36.104	196.97
422.5	13.122	36.105	196.95
423.4	13.124	36.106	196.92
424.4	13.122	36.107	196.88
425.4	13.117	36.107	196.83
426.4	13.112	36.105	196.78
427.4	13.11	36.104	196.73
428.4	13.111	36.104	196.69
429.4	13.111	36.104	196.65
430.4	13.111	36.104	196.62
431.4	13.112	36.104	196.61
432.4	13.112	36.104	196.62
433.3	13.111	36.104	196.66
434.3	13.106	36.104	196.72
435.3	13.101	36.102	196.78
436.3	13.095	36.101	196.85
437.3	13.082	36.098	196.93
438.3	13.067	36.096	197.01
439.3	13.048	36.095	197.08
440.3	13.018	36.09	197.13
441.3	12.996	36.081	197.17
442.3	12.994	36.075	197.18
443.3	13.0	36.075	197.16
444.2	13.002	36.075	197.13
445.2	12.936	36.072	197.09
446.2	12.794	36.06	197.03
447.2	12.712	36.043	196.96
448.2	12.7	36.03	196.85
449.2	12.692	36.025	196.72
450.2	12.676	36.023	196.57
451.2	12.653	36.02	196.43
452.2	12.631	36.017	196.28
453.2	12.596	36.014	196.15
454.2	12.546	36.007	196.01
455.1	12.514	35.998	195.87
456.1	12.509	35.997	195.73
457.1	12.509	36.003	195.59
458.1	12.506	36.007	195.48
459.1	12.503	36.008	195.41
460.1	12.503	36.008	195.36
461.1	12.503	36.009	195.33
462.1	12.506	36.012	195.31
463.1	12.512	36.017	195.29
464.1	12.521	36.023	195.29
465.0	12.532	36.028	195.3
466.0	12.542	36.033	195.33
467.0	12.551	36.037	195.38
468.0	12.563	36.041	195.42
469.0	12.579	36.048	195.45
470.0	12.598	36.058	195.46
471.0	12.617	36.068	195.47
472.0	12.633	36.076	195.47
473.0	12.647	36.083	195.48
474.0	12.666	36.095	195.5
475.0	12.674	36.11	195.51
475.9	12.673	36.117	195.52
476.9	12.687	36.119	195.53
477.9	12.726	36.128	195.55
478.9	12.771	36.143	195.59
479.9	12.803	36.157	195.66
480.9	12.846	36.17	195.75
481.9	12.914	36.191	195.86
482.9	12.977	36.217	195.99
483.9	13.004	36.231	196.14
484.9	13.017	36.234	196.3
485.8	13.037	36.237	196.49
486.8	13.054	36.245	196.7
487.8	13.065	36.253	196.92
488.8	13.073	36.257	197.14
489.8	13.079	36.26	197.35
490.8	13.085	36.263	197.56
491.8	13.089	36.266	197.76
492.8	13.091	36.268	197.95
493.8	13.093	36.268	198.13
494.8	13.096	36.27	198.3
495.7	13.091	36.27	198.44
496.7	13.086	36.269	198.55
497.7	13.088	36.268	198.64
498.7	13.087	36.269	198.7
499.7	13.084	36.269	198.74
500.7	13.042	36.269	198.77
501.7	12.966	36.263	198.79
502.7	12.999	36.26	198.79
503.7	13.086	36.274	198.79
504.7	13.119	36.289	198.79
505.7	13.137	36.295	198.79
506.6	13.168	36.3	198.8
507.6	13.206	36.307	198.83
508.6	13.25	36.317	198.89
509.6	13.319	36.335	198.98
510.6	13.381	36.36	199.09
511.6	13.414	36.38	199.22
512.6	13.434	36.393	199.36
513.6	13.445	36.401	199.51
514.6	13.449	36.407	199.65
515.6	13.452	36.411	199.8
516.5	13.455	36.415	199.95
517.5	13.457	36.419	200.09
518.5	13.456	36.421	200.22
519.5	13.456	36.422	200.33
520.5	13.455	36.422	200.42
521.5	13.456	36.422	200.49
522.5	13.457	36.423	200.55
523.5	13.457	36.423	200.6
524.5	13.455	36.424	200.66
525.5	13.452	36.423	200.72
526.4	13.452	36.423	200.78
527.4	13.453	36.424	200.82
528.4	13.454	36.425	200.87
529.4	13.454	36.425	200.92
530.4	13.454	36.426	200.97
531.4	13.453	36.427	201.02
532.4	13.453	36.428	201.07
533.4	13.455	36.429	201.12
534.4	13.46	36.432	201.16
535.4	13.465	36.437	201.19
536.3	13.468	36.441	201.22
537.3	13.465	36.445	201.25
538.3	13.455	36.447	201.27
539.3	13.446	36.447	201.29
540.3	13.441	36.446	201.3
541.3	13.437	36.445	201.31
542.3	13.433	36.445	201.32
543.3	13.43	36.446	201.32
544.3	13.421	36.447	201.33
545.3	13.416	36.448	201.33
546.2	13.42	36.449	201.33
547.2	13.427	36.453	201.31
548.2	13.43	36.456	201.28
549.2	13.431	36.456	201.24
550.2	13.431	36.456	201.19
551.2	13.43	36.456	201.14
552.2	13.43	36.457	201.08
553.2	13.428	36.457	201.02
554.2	13.42	36.456	200.95
555.2	13.407	36.454	200.87
556.1	13.383	36.451	200.78
557.1	13.339	36.445	200.68
558.1	13.298	36.434	200.6
559.1	13.269	36.427	200.55
560.1	13.236	36.419	200.52
561.1	13.217	36.41	200.49
562.1	13.224	36.413	200.47
563.1	13.239	36.423	200.45
564.1	13.247	36.428	200.43
565.1	13.255	36.431	200.42
566.0	13.264	36.435	200.43
567.0	13.276	36.438	200.45
568.0	13.29	36.443	200.48
569.0	13.299	36.449	200.5
570.0	13.303	36.453	200.51
571.0	13.307	36.454	200.51
572.0	13.312	36.456	200.51
573.0	13.317	36.459	200.52
574.0	13.318	36.461	200.53
575.0	13.316	36.462	200.55
575.9	13.32	36.462	200.57
576.9	13.33	36.465	200.58
577.9	13.339	36.469	200.58
578.9	13.346	36.471	200.59
579.9	13.355	36.473	200.6
580.9	13.368	36.477	200.61
581.9	13.377	36.482	200.63
582.9	13.38	36.485	200.65
583.9	13.38	36.487	200.66
584.9	13.381	36.486	200.66
585.8	13.385	36.487	200.64
586.8	13.391	36.49	200.63
587.8	13.389	36.494	200.61
588.8	13.379	36.495	200.6
589.8	13.367	36.494	200.58
590.8	13.359	36.491	200.55
591.8	13.357	36.49	200.52
592.8	13.356	36.49	200.48
593.8	13.356	36.491	200.44
594.8	13.354	36.491	200.4
595.7	13.353	36.492	200.38
596.7	13.352	36.492	200.37
597.7	13.352	36.492	200.37
598.7	13.351	36.493	200.37
599.7	13.35	36.494	200.37
600.7	13.351	36.495	200.37
601.7	13.354	36.496	200.35
602.7	13.361	36.5	200.31
603.7	13.365	36.503	200.24
604.7	13.369	36.503	200.14
605.6	13.378	36.504	200.01
606.6	13.391	36.507	199.88
607.6	13.403	36.511	199.73
608.6	13.415	36.517	199.58
609.6	13.423	36.524	199.42
610.6	13.426	36.527	199.26
611.6	13.427	36.527	199.1
612.6	13.429	36.527	198.98
613.6	13.428	36.527	198.92
614.5	13.427	36.526	198.95
615.5	13.427	36.526	199.04
616.5	13.428	36.526	199.16
617.5	13.429	36.527	199.3
618.5	13.43	36.527	199.46
619.5	13.431	36.527	199.62
620.5	13.433	36.528	199.8
621.5	13.433	36.528	199.98
622.5	13.433	36.528	200.17
623.5	13.436	36.528	200.33
624.4	13.438	36.529	200.47
625.4	13.439	36.53	200.56
626.4	13.439	36.53	200.62
627.4	13.439	36.53	200.66
628.4	13.44	36.53	200.7
629.4	13.44	36.53	200.73
630.4	13.44	36.53	200.76
631.4	13.441	36.531	200.78
632.4	13.44	36.531	200.79
633.4	13.44	36.531	200.81
634.3	13.44	36.531	200.82
635.3	13.44	36.531	200.83
636.3	13.44	36.532	200.83
637.3	13.44	36.532	200.83
638.3	13.439	36.533	200.82
639.3	13.438	36.533	200.8
640.3	13.437	36.535	200.78
641.3	13.437	36.536	200.75
642.3	13.436	36.536	200.72
643.3	13.435	36.537	200.68
644.2	13.431	36.538	200.64
645.2	13.428	36.537	200.6
646.2	13.427	36.537	200.56
647.2	13.427	36.537	200.53
648.2	13.427	36.537	200.5
649.2	13.429	36.537	200.47
650.2	13.431	36.537	200.44
651.2	13.431	36.537	200.42
652.2	13.426	36.538	200.39
653.1	13.413	36.538	200.37
654.1	13.402	36.537	200.34
655.1	13.398	36.535	200.32
656.1	13.397	36.535	200.29
657.1	13.398	36.535	200.26
658.1	13.397	36.536	200.22
659.1	13.396	36.536	200.18
660.1	13.395	36.536	200.14
661.1	13.393	36.536	200.1
662.1	13.392	36.536	200.06
663.0	13.391	36.536	200.01
664.0	13.387	36.536	199.97
665.0	13.383	36.535	199.92
666.0	13.38	36.535	199.88
667.0	13.377	36.534	199.84
668.0	13.375	36.534	199.8
669.0	13.373	36.534	199.69
670.0	13.369	36.535	199.52
671.0	13.361	36.535	199.29
671.9	13.353	36.533	199.0
672.9	13.349	36.532	198.64
673.9	13.346	36.531	198.22
674.9	13.342	36.532	197.74
675.9	13.333	36.531	197.2
676.9	13.329	36.531	196.61
677.9	13.328	36.532	195.98
678.9	13.328	36.532	195.29
679.9	13.328	36.532	194.66
680.9	13.325	36.533	194.12
681.8	13.325	36.534	193.65
682.8	13.324	36.535	193.25
683.8	13.324	36.534	192.93
684.8	13.324	36.534	192.7
685.8	13.324	36.534	192.54
686.8	13.325	36.535	192.44
687.8	13.325	36.535	192.4
688.8	13.325	36.535	192.39
689.8	13.325	36.536	192.45
690.7	13.325	36.536	192.52
691.7	13.325	36.535	192.58
692.7	13.325	36.535	192.63
693.7	13.325	36.536	192.67
694.7	13.325	36.536	192.71
695.7	13.325	36.535	192.75
696.7	13.326	36.535	192.78
697.7	13.325	36.536	192.81
698.7	13.325	36.539	192.86
699.6	13.325	36.541	192.93
700.6	13.325	36.541	193.01
701.6	13.325	36.541	193.1
702.6	13.325	36.541	193.21
703.6	13.325	36.541	193.33
704.6	13.325	36.54	193.44
705.6	13.324	36.54	193.51
706.6	13.323	36.54	193.57
707.6	13.323	36.54	193.63
708.6	13.323	36.539	193.68
709.5	13.323	36.539	193.74
710.5	13.323	36.539	193.79
711.5	13.323	36.539	193.84
712.5	13.323	36.539	193.87
713.5	13.323	36.54	193.88
714.5	13.323	36.54	193.91
715.5	13.324	36.539	193.98
716.5	13.324	36.539	194.1
717.5	13.324	36.539	194.23
718.4	13.324	36.539	194.33
719.4	13.325	36.54	194.4
720.4	13.325	36.54	194.45
721.4	13.325	36.54	194.46
722.4	13.325	36.539	194.46
723.4	13.326	36.54	194.45
724.4	13.329	36.541	194.43
725.4	13.332	36.544	194.39
726.4	13.335	36.545	194.31
727.3	13.336	36.546	194.18
728.3	13.338	36.547	194.04
729.3	13.34	36.548	193.92
730.3	13.342	36.549	193.83
731.3	13.343	36.55	193.76
732.3	13.345	36.55	193.72
733.3	13.345	36.551	193.7
734.3	13.346	36.551	193.69
735.3	13.346	36.551	193.67
736.3	13.346	36.551	193.64
737.2			
738.2			
739.2			
740.2			
741.2			
742.2			
743.2			
744.2			
745.2			
746.1			
747.1			
748.1			
749.1			
750.1			
751.1			
752.1			
753.1			
754.1			
755.0			
756.0			
757.0			
758.0			
759.0			
760.0			
761.0			
762.0			
763.0			
763.9			
764.9			
765.9			
766.9			
767.9			
768.9			
769.9			
770.9			
771.9			
772.8			
773.8			
774.8			
775.8			
776.8			
777.8			
778.8			
779.8			
780.8			
781.7			
782.7			
783.7			
784.7			
785.7			
786.7			
787.7			
788.7			
789.7			
790.6			
791.6			
792.6			
793.6			
794.6			
795.6			
796.6			
797.6			
798.6			
799.5			
800.5			
801.5			
802.5			
803.5			
804.5			
805.5			
806.5			
807.5			
808.4			
809.4			
810.4			
811.4			
812.4			
813.4			
814.4			
815.4			
816.4			
817.3			
818.3			
819.3			
820.3			
821.3			
822.3			
823.3			
824.3			
825.3			
826.2			
827.2			
828.2			
829.2			
830.2			
831.2			
832.2			
833.2			
834.2			
835.1			
836.1			
837.1			
838.1			
839.1			
840.1			
841.1			
842.1			
843.1			
844.0			
845.0			
846.0			
847.0			
848.0			
849.0			
850.0			
851.0			
852.0			
852.9			
853.9			
854.9			
855.9			
856.9			
857.9			
858.9			
859.9			
860.8			
861.8			
862.8			
863.8			
864.8			
865.8			
866.8			
867.8			
868.8			
869.7			
870.7			
871.7			
872.7			
873.7			
874.7			
875.7			
876.7			
877.7			
878.6			
879.6			
880.6			
881.6			
882.6			
883.6			
884.6			
885.6			
886.5			
887.5			
888.5			
889.5			
890.5			
891.5			
892.5			
893.5			
894.5			
895.4			
896.4			
897.4			
898.4			
899.4			
900.4			
901.4			
902.4			
903.4			
904.3			
905.3			
906.3			
907.3			
908.3			
909.3			
910.3			
911.3			
912.2			
913.2			
914.2			
915.2			
916.2			
917.2			
918.2			
919.2			
920.2			
921.1			
922.1			
923.1			
924.1			
925.1			
926.1			
927.1			
928.1			
929.0			
930.0			
931.0			
932.0			
933.0			
934.0			
935.0			
936.0			
937.0			
937.9			
938.9			
939.9			
940.9			
941.9			
942.9			
943.9			
944.9			
945.8			
946.8			
947.8			
948.8			
949.8			
950.8			
951.8			
952.8			
953.8			
954.7			
955.7			
956.7			
957.7			
958.7			
959.7			
960.7			
961.7			
962.6			
963.6			
964.6			
965.6			
966.6			
967.6			
968.6			
969.6			
970.5			
971.5			
972.5			
973.5			
974.5			
975.5			
976.5			
977.5			
978.5			
979.4			
980.4			
981.4			
982.4			
983.4			
984.4			
985.4			
986.4			
987.3			
988.3			
989.3			
990.3			
991.3			
992.3			
993.3			
994.3			
995.2			
996.2			
997.2			
998.2			
999.2			
1000.2			
1001.2			
1002.2			
1003.2			
1004.1			
1005.1			
1006.1			
1007.1			
1008.1			
1009.1			
1010.1			
1011.1			
1012.0			
1013.0			
1014.0			
1015.0			
1016.0			
1017.0			
1018.0			
1019.0			
1019.9			
1020.9			
1021.9			
1022.9			
1023.9			
1024.9			
1025.9			
1026.9			
1027.8			
1028.8			
1029.8			
1030.8			
1031.8			
1032.8			
1033.8			
1034.8			
1035.7			
1036.7			
1037.7			
1038.7			
1039.7			
1040.7			
1041.7			
1042.7			
1043.7			
1044.6			
1045.6			
1046.6			
1047.6			
1048.6			
1049.6			
1050.6			
1051.6			
1052.5			
1053.5			
1054.5			
1055.5			
1056.5			
1057.5			
1058.5			
1059.5			
1060.4			
1061.4			
1062.4			
1063.4			
1064.4			
1065.4			
1066.4			
1067.4			
1068.3			
1069.3			
1070.3			
1071.3			
1072.3			
1073.3			
1074.3			
1075.3			
1076.2			
1077.2			
1078.2			
1079.2			
1080.2			
1081.2			
1082.2			
1083.2			
1084.1			
1085.1			
1086.1			
1087.1			
1088.1			
1089.1			
1090.1			
1091.1			
1092.0			
1093.0			
1094.0			
1095.0			
1096.0			
1097.0			
1098.0			
1099.0			
1099.9			
1100.9			
1101.9			
1102.9			
1103.9			
1104.9			
1105.9			
1106.9			
1107.8			
1108.8			
1109.8			
1110.8			
1111.8			
1112.8			
1113.8			
1114.8			
1115.7			
1116.7			
1117.7			
1118.7			
1119.7			
1120.7			
1121.7			
1122.7			
1123.6			
1124.6			
1125.6			
1126.6			
1127.6			
1128.6			
1129.6			
1130.5			
1131.5			
1132.5			
1133.5			
1134.5			
1135.5			
1136.5			
1137.5			
1138.4			
1139.4			
1140.4			
1141.4			
1142.4			
1143.4			
1144.4			
1145.4			
1146.3			
1147.3			
1148.3			
1149.3			
1150.3			
1151.3			
1152.3			
1153.3			
1154.2			
1155.2			
1156.2			
1157.2			
1158.2			
1159.2			
1160.2			
1161.2			
1162.1			
1163.1			
1164.1			
1165.1			
1166.1			
1167.1			
1168.1			
1169.1			
1170.0			
1171.0			
1172.0			
1173.0			
1174.0			
1175.0			
1176.0			
1176.9			
1177.9			
1178.9			
1179.9			
1180.9			
1181.9			
1182.9			
1183.9			
1184.8			
1185.8			
1186.8			
1187.8			
1188.8			
1189.8			
1190.8			
1191.8			
1192.7			
1193.7			
1194.7			
1195.7			
1196.7			
1197.7			
1198.7			
1199.6			
1200.6			
1201.6			
1202.6			
1203.6			
1204.6			
1205.6			
1206.6			
1207.5			
1208.5			
1209.5			
1210.5			
1211.5			
1212.5			
1213.5			
1214.5			
1215.4			
1216.4			
1217.4			
1218.4			
1219.4			
1220.4			
1221.4			
1222.3			
1223.3			
1224.3			
1225.3			
1226.3			
1227.3			
1228.3			
1229.3			
1230.2			
1231.2			
1232.2			
1233.2			
1234.2			
1235.2			
1236.2			
1237.1			
1238.1			
1239.1			
1240.1			
1241.1			
1242.1			
1243.1			
1244.1			
1245.0			
1246.0			
1247.0			
1248.0			
1249.0			
1250.0			
1251.0			
1252.0			
1252.9			
1253.9			
1254.9			
1255.9			
1256.9			
1257.9			
1258.9			
1259.8			
1260.8			
1261.8			
1262.8			
1263.8			
1264.8			
1265.8			
1266.8			
1267.7			
1268.7			
1269.7			
1270.7			
1271.7			
1272.7			
1273.7			
1274.6			
1275.6			
1276.6			
1277.6			
1278.6			
1279.6			
1280.6			
1281.5			
1282.5			
1283.5			
1284.5			
1285.5			
1286.5			
1287.5			
1288.5			
1289.4			
1290.4			
1291.4			
1292.4			
1293.4			
1294.4			
1295.4			
1296.3			
1297.3			
1298.3			
1299.3			
1300.3			
1301.3			
1302.3			
1303.3			
1304.2			
1305.2			
1306.2			
1307.2			
1308.2			
1309.2			
1310.2			
1311.1			
1312.1			
1313.1			
1314.1			
1315.1			
1316.1			
1317.1			
1318.1			
1319.0			
1320.0			
1321.0			
1322.0			
1323.0			
1324.0			
1325.0			
1325.9			
1326.9			
1327.9			
1328.9			
1329.9			
1330.9			
1331.9			
1332.8			
1333.8			
1334.8			
1335.8			
1336.8			
1337.8			
1338.8			
1339.7			
1340.7			
1341.7			
1342.7			
1343.7			
1344.7			
1345.7			
1346.7			
1347.6			
1348.6			
1349.6			
1350.6			
1351.6			
1352.6			
1353.6			
1354.5			
1355.5			
1356.5			
1357.5			
1358.5			
1359.5			
1360.5			
1361.4			
1362.4			
1363.4			
1364.4			
1365.4			
1366.4			
1367.4			
1368.4			
1369.3			
1370.3			
1371.3			
1372.3			
1373.3			
1374.3			
1375.3			
1376.2			
1377.2			
1378.2			
1379.2			
1380.2			
1381.2			
1382.2			
1383.1			
1384.1			
1385.1			
1386.1			
1387.1			
1388.1			
1389.1			
1390.0			
1391.0			
1392.0			
1393.0			
1394.0			
1395.0			
1396.0			
1396.9			
1397.9			
1398.9			
1399.9			
1400.9			
1401.9			
1402.9			
1403.8			
1404.8			
1405.8			
1406.8			
1407.8			
1408.8			
1409.8			
1410.8			
1411.7			
1412.7			
1413.7			
1414.7			
1415.7			
1416.7			
1417.7			
1418.6			
1419.6			
1420.6			
1421.6			
1422.6			
1423.6			
1424.6			
1425.5			
1426.5			
1427.5			
1428.5			
1429.5			
1430.5			
1431.5			
1432.4			
1433.4			
1434.4			
1435.4			
1436.4			
1437.4			
1438.4			
1439.3			
1440.3			
1441.3			
1442.3			
1443.3			
1444.3			
1445.3			
1446.2			
1447.2			
1448.2			
1449.2			
1450.2			
1451.2			
1452.2			
1453.1			
1454.1			
1455.1			
1456.1			
1457.1			
1458.1			
1459.1			
1460.0			
1461.0			
1462.0			
1463.0			
1464.0			
1465.0			
1466.0			
1466.9			
1467.9			
1468.9			
1469.9			
1470.9			
1471.9			
1472.9			
1473.8			
1474.8			
1475.8			
1476.8			
1477.8			
1478.8			
1479.8			
1480.7			
1481.7			
1482.7			
1483.7			
1484.7			
1485.7			
1486.7			
1487.6			
1488.6			
1489.6			
1490.6			
1491.6			
1492.6			
1493.6			
1494.5			
1495.5			
1496.5			
1497.5			
1498.5			
1499.5			
1500.5			
1501.4			
1502.4			
1503.4			
1504.4			
1505.4			
1506.4			
1507.4			
1508.3			
1509.3			
1510.3			
1511.3			
1512.3			
1513.3			
1514.3			
1515.2			
1516.2			
1517.2			
1518.2			
1519.2			
1520.2			
1521.2			
1522.1			
1523.1			
1524.1			
1525.1			
1526.1			
1527.1			
1528.0			
1529.0			
1530.0			
1531.0			
1532.0			
1533.0			
1534.0			
1534.9			
1535.9			
1536.9			
1537.9			
1538.9			
1539.9			
1540.9			
1541.8			
1542.8			
1543.8			
1544.8			
1545.8			
1546.8			
1547.8			
1548.7			
1549.7			
1550.7			
1551.7			
1552.7			
1553.7			
1554.7			
1555.6			
1556.6			
1557.6			
1558.6			
1559.6			
1560.6			
1561.6			
1562.5			
1563.5			
1564.5			
1565.5			
1566.5			
1567.5			
1568.4			
1569.4			
1570.4			
1571.4			
1572.4			
1573.4			
1574.4			
1575.3			
1576.3			
1577.3			
1578.3			
1579.3			
1580.3			
1581.3			
1582.2			
1583.2			
1584.2			
1585.2			
1586.2			
1587.2			
1588.2			
1589.1			
1590.1			
1591.1			
1592.1			
1593.1			
1594.1			
1595.0			
1596.0			
1597.0			
1598.0			
1599.0			
1600.0			
1601.0			
1601.9			
1602.9			
1603.9			
1604.9			
1605.9			
1606.9			
1607.9			
1608.8			
1609.8			
1610.8			
1611.8			
1612.8			
1613.8			
1614.7			
1615.7			
1616.7			
1617.7			
1618.7			
1619.7			
1620.7			
1621.6			
1622.6			
1623.6			
1624.6			
1625.6			
1626.6			
1627.6			
1628.5			
1629.5			
1630.5			
1631.5			
1632.5			
1633.5			
1634.4			
1635.4			
1636.4			
1637.4			
1638.4			
1639.4			
1640.4			
1641.3			
1642.3			
1643.3			
1644.3			
1645.3			
1646.3			
1647.3			
1648.2			
1649.2			
1650.2			
1651.2			
1652.2			
1653.2			
1654.1			
1655.1			
1656.1			
1657.1			
1658.1			
1659.1			
1660.1			
1661.0			
1662.0			
1663.0			
1664.0			
1665.0			
1666.0			
1666.9			
1667.9			
1668.9			
1669.9			
1670.9			
1671.9			
1672.9			
1673.8			
1674.8			
1675.8			
1676.8			
1677.8			
1678.8			
1679.7			
1680.7			
1681.7			
1682.7			
1683.7			
1684.7			
1685.7			
1686.6			
1687.6			
1688.6			
1689.6			
1690.6			
1691.6			
1692.5			
1693.5			
1694.5			
1695.5			
1696.5			
1697.5			
1698.5			
1699.4			
1700.4			
1701.4			
1702.4			
1703.4			
1704.4			
1705.3			
1706.3			
1707.3			
1708.3			
1709.3			
1710.3			
1711.3			
1712.2			
1713.2			
1714.2			
1715.2			
1716.2			
1717.2			
1718.1			
1719.1			
1720.1			
1721.1			
1722.1			
1723.1			
1724.1			
1725.0			
1726.0			
1727.0			
1728.0			
1729.0			
1730.0			
1730.9			
1731.9			
1732.9			
1733.9			
1734.9			
1735.9			
1736.9			
1737.8			
1738.8			
1739.8			
1740.8			
1741.8			
1742.8			
1743.7			
1744.7			
1745.7			
1746.7			
1747.7			
1748.7			
1749.7			
1750.6			
1751.6			
1752.6			
1753.6			
1754.6			
1755.6			
1756.5			
1757.5			
1758.5			
1759.5			
1760.5			
1761.5			
1762.4			
1763.4			
1764.4			
1765.4			
1766.4			
1767.4			
1768.4			
1769.3			
1770.3			
1771.3			
1772.3			
1773.3			
1774.3			
1775.2			
1776.2			
1777.2			
1778.2			
1779.2			
1780.2			
1781.1			
1782.1			
1783.1			
1784.1			
1785.1			
1786.1			
1787.1			
1788.0			
1789.0			
1790.0			
1791.0			
1792.0			
1793.0			
1793.9			
1794.9			
1795.9			
1796.9			
1797.9			
1798.9			
1799.8			
1800.8			
1801.8			
1802.8			
1803.8			
1804.8			
1805.8			
1806.7			
1807.7			
1808.7			
1809.7			
1810.7			
1811.7			
1812.6			
1813.6			
1814.6			
1815.6			
1816.6			
1817.6			
1818.5			
1819.5			
1820.5			
1821.5			
1822.5			
1823.5			
1824.5			
1825.4			
1826.4			
1827.4			
1828.4			
1829.4			
1830.4			
1831.3			
1832.3			
1833.3			
1834.3			
1835.3			
1836.3			
1837.2			
1838.2			
1839.2			
1840.2			
1841.2			
1842.2			
1843.1			
1844.1			
1845.1			
1846.1			
1847.1			
1848.1			
1849.1			
1850.0			
1851.0			
1852.0			
1853.0			
1854.0			
1855.0			
1855.9			
1856.9			
1857.9			
1858.9			
1859.9			
1860.9			
1861.8			
1862.8			
1863.8			
1864.8			
1865.8			
1866.8			
1867.7			
1868.7			
1869.7			
1870.7			
1871.7			
1872.7			
1873.6			
1874.6			
1875.6			
1876.6			
1877.6			
1878.6			
1879.6			
1880.5			
1881.5			
1882.5			
1883.5			
1884.5			
1885.5			
1886.4			
1887.4			
1888.4			
1889.4			
1890.4			
1891.4			
1892.3			
1893.3			
1894.3			
1895.3			
1896.3			
1897.3			
1898.2			
1899.2			
1900.2			
1901.2			
1902.2			
1903.2			
1904.1			
1905.1			
1906.1			
1907.1			
1908.1			
1909.1			
1910.0			
1911.0			
1912.0			
1913.0			
1914.0			
1915.0			
1915.9			
1916.9			
1917.9			
1918.9			
1919.9			
1920.9			
1921.8			
1922.8			
1923.8			
1924.8			
1925.8			
1926.8			
1927.8			
1928.7			
1929.7			
1930.7			
1931.7			
1932.7			
1933.7			
1934.6			
1935.6			
1936.6			
1937.6			
1938.6			
1939.6			
1940.5			
1941.5			
1942.5			
1943.5			
1944.5			
1945.5			
1946.4			
1947.4			
1948.4			
1949.4			
1950.4			
1951.4			
1952.3			
1953.3			
1954.3			
1955.3			
1956.3			
1957.3			
1958.2			
1959.2			
1960.2			
1961.2			
1962.2			
1963.2			
1964.1			
1965.1			
1966.1			
1967.1			
1968.1			
1969.1			
1970.0			
1971.0			
1972.0			
1973.0			
1974.0			
1975.0			
1975.9			
1976.9			
1977.9			
1978.9			
1979.9			
1980.9			
1981.8			
1982.8			
1983.8			
1984.8			
1985.8			
1986.8			
1987.7			
1988.7			
1989.7			
1990.7			
1991.7			
1992.7			
1993.6			
1994.6			
1995.6			
1996.6			
1997.6			
1998.6			
1999.5			
2000.5			
2001.5			
2002.5			
2003.5			
2004.5			
2005.4			
2006.4			
2007.4			
2008.4			
2009.4			
2010.4			
2011.3			
2012.3			
2013.3			
2014.3			
2015.3			
2016.3			
2017.2			
2018.2			
2019.2			
2020.2			
2021.2			
2022.2			
2023.1			
2024.1			
2025.1			
2026.1			
2027.1			
2028.0			
2029.0			
2030.0			
2031.0			
2032.0			
2033.0			
2033.9			
2034.9			
2035.9			
2036.9			
2037.9			
2038.9			
2039.8			
2040.8			
2041.8			
2042.8			
2043.8			
2044.8			
2045.7			
2046.7			
2047.7			
2048.7			
2049.7			
2050.7			
2051.6			
2052.6			
2053.6			
2054.6			
2055.6			
2056.6			
2057.5			
2058.5			
2059.5			
2060.5			
2061.5			
2062.5			
2063.4			
2064.4			
2065.4			
2066.4			
2067.4			
2068.4			
2069.3			
2070.3			
2071.3			
2072.3			
2073.3			
2074.3			
2075.2			
2076.2			
2077.2			
2078.2			
2079.2			
2080.1			
2081.1			
2082.1			
2083.1			
2084.1			
2085.1			
2086.0			
2087.0			
2088.0			
2089.0			
2090.0			
2091.0			
2091.9			
2092.9			
2093.9			
2094.9			
2095.9			
2096.9			
2097.8			
2098.8			
2099.8			
2100.8			
2101.8			
2102.8			
2103.7			
2104.7			
2105.7			
2106.7			
2107.7			
2108.6			
2109.6			
2110.6			
2111.6			
2112.6			
2113.6			
2114.5			
2115.5			
2116.5			
2117.5			
2118.5			
2119.5			
2120.4			
2121.4			
2122.4			
2123.4			
2124.4			
2125.4			
2126.3			
2127.3			
2128.3			
2129.3			
2130.3			
2131.2			
2132.2			
2133.2			
2134.2			
2135.2			
2136.2			
2137.1			
2138.1			
2139.1			
2140.1			
2141.1			
2142.1			
2143.0			
2144.0			
2145.0			
2146.0			
2147.0			
