Depth [m]	Temperature [degC]	Salinity [PSU]	Oxygen [umol/kg]
1.0	21.741	36.611	223.18
2.0	21.741	36.611	222.86
3.0	21.741	36.611	222.59
4.0	21.741	36.611	222.39
5.0	21.741	36.611	222.24
6.0	21.741	36.611	222.12
6.9	21.741	36.61	222.03
7.9	21.742	36.61	221.96
8.9	21.742	36.61	221.93
9.9	21.735	36.611	221.96
10.9	21.69	36.615	222.12
11.9	21.598	36.623	222.42
12.9	21.503	36.62	222.81
13.9	21.444	36.606	223.22
14.9	21.42	36.596	223.61
15.9	21.405	36.595	223.96
16.9	21.389	36.595	224.32
17.9	21.376	36.594	224.71
18.9	21.365	36.593	225.1
19.9	21.357	36.592	225.45
20.8	21.351	36.592	225.72
21.8	21.34	36.592	225.92
22.8	21.323	36.593	226.08
23.8	21.294	36.596	226.26
24.8	21.251	36.598	226.48
25.8	21.214	36.593	226.74
26.8	21.195	36.586	227.02
27.8	21.183	36.586	227.33
28.8	21.152	36.588	227.7
29.8	21.116	36.587	228.2
30.8	21.098	36.584	228.88
31.8	21.079	36.583	229.76
32.8	21.06	36.582	230.8
33.7	21.004	36.589	231.91
34.7	20.785	36.613	233.1
35.7	20.389	36.631	234.37
36.7	19.95	36.615	235.75
37.7	19.379	36.567	237.24
38.7	18.909	36.513	238.78
39.7	18.804	36.475	240.26
40.7	18.725	36.452	241.61
41.7	18.652	36.443	242.8
42.7	18.61	36.437	243.87
43.7	18.583	36.435	244.83
44.7	18.557	36.434	245.7
45.7	18.525	36.434	246.47
46.7	18.476	36.431	247.11
47.6	18.433	36.427	247.62
48.6	18.396	36.425	247.99
49.6	18.345	36.428	248.27
50.6	18.275	36.438	248.51
51.6	17.987	36.434	248.76
52.6	17.615	36.408	248.99
53.6	17.502	36.386	249.14
54.6	17.441	36.372	249.2
55.6	17.401	36.366	249.19
56.6	17.372	36.365	249.15
57.6	17.336	36.363	249.09
58.6	17.296	36.36	249.0
59.6	17.258	36.358	248.88
60.5	17.217	36.357	248.72
61.5	17.18	36.354	248.51
62.5	17.151	36.35	248.25
63.5	17.125	36.348	247.93
64.5	17.098	36.347	247.58
65.5	17.077	36.343	247.21
66.5	17.067	36.34	246.8
67.5	17.049	36.343	246.36
68.5	16.992	36.348	245.88
69.5	16.893	36.348	245.35
70.5	16.806	36.337	244.75
71.5	16.769	36.326	244.1
72.5	16.748	36.321	243.39
73.4	16.729	36.321	242.64
74.4	16.705	36.321	241.87
75.4	16.679	36.319	241.09
76.4	16.65	36.317	240.3
77.4	16.605	36.317	239.47
78.4	16.548	36.312	238.59
79.4	16.497	36.306	237.66
80.4	16.439	36.303	236.72
81.4	16.375	36.295	235.81
82.4	16.331	36.282	234.92
83.4	16.309	36.276	234.05
84.4	16.274	36.272	233.19
85.4	16.243	36.265	232.35
86.3	16.224	36.26	231.53
87.3	16.204	36.259	230.74
88.3	16.179	36.258	229.97
89.3	16.154	36.253	229.2
90.3	16.138	36.249	228.39
91.3	16.123	36.247	227.54
92.3	16.102	36.246	226.62
93.3	16.083	36.242	225.63
94.3	16.071	36.238	224.54
95.3	16.058	36.236	223.35
96.3	15.954	36.231	222.08
97.3	15.752	36.214	220.74
98.3	15.598	36.189	219.35
99.2	15.505	36.16	217.95
100.2	15.483	36.142	216.59
101.2	15.475	36.141	215.31
102.2	15.462	36.14	214.14
103.2	15.454	36.138	213.09
104.2	15.45	36.137	212.21
105.2	15.442	36.137	211.52
106.2	15.431	36.137	211.01
107.2	15.423	36.135	210.66
108.2	15.418	36.133	210.42
109.2	15.415	36.132	210.27
110.2	15.411	36.132	210.23
111.2	15.406	36.132	210.27
112.1	15.401	36.13	210.37
113.1	15.396	36.129	210.51
114.1	15.394	36.128	210.64
115.1	15.391	36.128	210.76
116.1	15.384	36.128	210.84
117.1	15.371	36.128	210.9
118.1	15.355	36.125	210.97
119.1	15.339	36.122	211.04
120.1	15.33	36.118	211.12
121.1	15.323	36.117	211.15
122.1	15.309	36.116	211.14
123.1	15.277	36.117	211.07
124.0	15.205	36.117	210.97
125.0	15.096	36.106	210.84
126.0	15.023	36.082	210.69
127.0	15.009	36.064	210.51
128.0	15.006	36.062	210.32
129.0	15.0	36.061	210.11
130.0	14.994	36.06	209.88
131.0	14.987	36.059	209.63
132.0	14.977	36.057	209.38
133.0	14.967	36.056	209.15
134.0	14.956	36.054	208.96
135.0	14.941	36.053	208.79
136.0	14.923	36.05	208.63
136.9	14.907	36.046	208.48
137.9	14.894	36.044	208.33
138.9	14.876	36.042	208.17
139.9	14.843	36.04	208.0
140.9	14.799	36.036	207.84
141.9	14.766	36.027	207.71
142.9	14.754	36.02	207.61
143.9	14.752	36.017	207.51
144.9	14.749	36.016	207.42
145.9	14.744	36.016	207.3
146.9	14.734	36.016	207.19
147.9	14.719	36.015	207.09
148.8	14.694	36.013	207.02
149.8	14.657	36.01	206.97
150.8	14.621	36.004	206.93
151.8	14.594	35.997	206.88
152.8	14.564	35.994	206.81
153.8	14.529	35.988	206.7
154.8	14.497	35.982	206.57
155.8	14.461	35.979	206.43
156.8	14.424	35.972	206.3
157.8	14.406	35.964	206.17
158.8	14.395	35.963	206.03
159.8	14.373	35.962	205.9
160.8	14.348	35.959	205.75
161.7	14.324	35.955	205.61
162.7	14.3	35.952	205.47
163.7	14.277	35.949	205.33
164.7	14.25	35.946	205.21
165.7	14.224	35.942	205.12
166.7	14.196	35.938	205.04
167.7	14.166	35.934	204.97
168.7	14.135	35.93	204.88
169.7	14.101	35.925	204.79
170.7	14.077	35.919	204.68
171.7	14.065	35.914	204.56
172.7	14.058	35.912	204.44
173.6	14.048	35.912	204.34
174.6	14.033	35.912	204.26
175.6	14.023	35.908	204.18
176.6	14.017	35.906	204.09
177.6	14.009	35.906	204.01
178.6	13.995	35.904	203.92
179.6	13.982	35.902	203.84
180.6	13.969	35.901	203.79
181.6	13.958	35.899	203.76
182.6	13.952	35.897	203.75
183.6	13.949	35.896	203.75
184.6	13.946	35.895	203.73
185.5	13.941	35.895	203.72
186.5	13.936	35.895	203.7
187.5	13.933	35.894	203.68
188.5	13.922	35.895	203.66
189.5	13.905	35.893	203.62
190.5	13.89	35.892	203.57
191.5	13.861	35.892	203.5
192.5	13.814	35.891	203.43
193.5	13.781	35.882	203.35
194.5	13.769	35.875	203.26
195.5	13.762	35.872	203.18
196.5	13.753	35.871	203.07
197.5	13.741	35.87	202.96
198.4	13.735	35.868	202.84
199.4	13.731	35.867	202.74
200.4	13.726	35.867	202.67
201.4	13.719	35.867	202.62
202.4	13.711	35.866	202.58
203.4	13.704	35.865	202.53
204.4	13.695	35.864	202.47
205.4	13.685	35.863	202.41
206.4	13.673	35.862	202.36
207.4	13.661	35.86	202.32
208.4	13.647	35.859	202.3
209.4	13.629	35.857	202.29
210.3	13.605	35.854	202.27
211.3	13.582	35.849	202.22
212.3	13.568	35.846	202.16
213.3	13.556	35.844	202.08
214.3	13.546	35.843	202.02
215.3	13.534	35.842	202.0
216.3	13.521	35.841	201.99
217.3	13.508	35.839	201.98
218.3	13.495	35.838	201.96
219.3	13.475	35.837	201.92
220.3	13.45	35.834	201.88
221.3	13.433	35.83	201.85
222.2	13.422	35.827	201.84
223.2	13.413	35.824	201.85
224.2	13.409	35.823	201.86
225.2	13.406	35.822	201.86
226.2	13.403	35.822	201.83
227.2	13.401	35.822	201.79
228.2	13.398	35.822	201.76
229.2	13.394	35.821	201.74
230.2	13.39	35.821	201.74
231.2	13.386	35.82	201.74
232.2	13.384	35.819	201.74
233.2	13.383	35.819	201.73
234.1	13.38	35.819	201.7
235.1	13.37	35.82	201.66
236.1	13.345	35.821	201.62
237.1	13.314	35.818	201.59
238.1	13.296	35.812	201.56
239.1	13.29	35.808	201.52
240.1	13.288	35.806	201.47
241.1	13.288	35.805	201.4
242.1	13.288	35.805	201.29
243.1	13.286	35.806	201.17
244.1	13.278	35.807	201.07
245.0	13.26	35.808	201.0
246.0	13.239	35.806	200.94
247.0	13.227	35.803	200.88
248.0	13.221	35.801	200.82
249.0	13.214	35.801	200.74
250.0	13.208	35.8	200.66
251.0	13.202	35.8	200.6
252.0	13.19	35.801	200.58
253.0	13.171	35.802	200.59
254.0	13.158	35.799	200.63
255.0	13.151	35.796	200.66
256.0	13.142	35.796	200.68
256.9	13.129	35.795	200.71
257.9	13.118	35.793	200.75
258.9	13.11	35.791	200.81
259.9	13.104	35.79	200.91
260.9	13.098	35.79	201.03
261.9	13.092	35.789	201.14
262.9	13.083	35.789	201.24
263.9	13.072	35.788	201.33
264.9	13.053	35.787	201.41
265.9	13.029	35.785	201.48
266.9	13.013	35.781	201.54
267.9	13.005	35.778	201.59
268.8	12.996	35.778	201.61
269.8	12.98	35.777	201.61
270.8	12.964	35.775	201.59
271.8	12.954	35.772	201.55
272.8	12.949	35.771	201.5
273.8	12.944	35.77	201.44
274.8	12.941	35.769	201.38
275.8	12.938	35.77	201.3
276.8	12.927	35.771	201.23
277.8	12.91	35.77	201.16
278.8	12.898	35.767	201.12
279.7	12.888	35.766	201.09
280.7	12.874	35.765	201.08
281.7	12.86	35.762	201.08
282.7	12.847	35.76	201.09
283.7	12.838	35.758	201.09
284.7	12.829	35.757	201.1
285.7	12.813	35.757	201.12
286.7	12.802	35.754	201.15
287.7	12.8	35.751	201.18
288.7	12.797	35.752	201.2
289.7	12.787	35.752	201.2
290.7	12.774	35.75	201.18
291.6	12.763	35.749	201.15
292.6	12.752	35.748	201.1
293.6	12.739	35.747	201.06
294.6	12.724	35.746	201.01
295.6	12.713	35.744	200.96
296.6	12.705	35.742	200.91
297.6	12.693	35.741	200.85
298.6	12.675	35.74	200.8
299.6	12.66	35.738	200.75
300.6	12.653	35.736	200.72
301.6	12.65	35.735	200.71
302.5	12.647	35.734	200.7
303.5	12.643	35.734	200.71
304.5	12.637	35.733	200.71
305.5	12.629	35.733	200.72
306.5	12.621	35.732	200.72
307.5	12.614	35.731	200.74
308.5	12.609	35.73	200.75
309.5	12.604	35.73	200.76
310.5	12.596	35.729	200.77
311.5	12.585	35.729	200.77
312.5	12.571	35.728	200.77
313.5	12.554	35.727	200.77
314.4	12.536	35.725	200.76
315.4	12.524	35.722	200.75
316.4	12.517	35.72	200.74
317.4	12.506	35.72	200.73
318.4	12.487	35.719	200.71
319.4	12.469	35.716	200.7
320.4	12.461	35.712	200.69
321.4	12.458	35.711	200.68
322.4	12.454	35.711	200.67
323.4	12.448	35.71	200.67
324.4	12.444	35.709	200.66
325.3	12.443	35.709	200.64
326.3	12.442	35.708	200.63
327.3	12.44	35.708	200.61
328.3	12.437	35.708	200.6
329.3	12.435	35.708	200.59
330.3	12.432	35.708	200.58
331.3	12.429	35.707	200.57
332.3	12.427	35.707	200.55
333.3	12.422	35.707	200.52
334.3	12.414	35.707	200.49
335.3	12.404	35.707	200.47
336.2	12.396	35.706	200.45
337.2	12.386	35.705	200.43
338.2	12.371	35.704	200.41
339.2	12.357	35.702	200.38
340.2	12.346	35.699	200.32
341.2	12.338	35.698	200.22
342.2	12.331	35.697	200.09
343.2	12.324	35.697	199.94
344.2	12.317	35.696	199.78
345.2	12.31	35.695	199.63
346.2	12.305	35.694	199.46
347.1	12.301	35.693	199.28
348.1	12.298	35.692	199.09
349.1	12.296	35.691	198.9
350.1	12.291	35.691	198.73
351.1	12.283	35.692	198.61
352.1	12.274	35.691	198.57
353.1	12.268	35.69	198.58
354.1	12.266	35.688	198.63
355.1	12.264	35.688	198.69
356.1	12.259	35.688	198.76
357.1	12.245	35.689	198.84
358.0	12.219	35.689	198.94
359.0	12.2	35.684	199.07
360.0	12.197	35.68	199.2
361.0	12.197	35.68	199.31
362.0	12.197	35.68	199.39
363.0	12.197	35.68	199.41
364.0	12.198	35.681	199.41
365.0	12.196	35.683	199.39
366.0	12.191	35.684	199.36
367.0	12.185	35.683	199.33
368.0	12.18	35.683	199.3
368.9	12.174	35.682	199.25
369.9	12.169	35.681	199.2
370.9	12.166	35.68	199.14
371.9	12.163	35.68	199.09
372.9	12.158	35.68	199.06
373.9	12.152	35.68	199.05
374.9	12.145	35.68	199.05
375.9	12.139	35.679	199.05
376.9	12.13	35.678	199.05
377.9	12.119	35.677	199.06
378.9	12.11	35.676	199.06
379.8	12.104	35.675	199.08
380.8	12.098	35.675	199.09
381.8	12.092	35.674	199.11
382.8	12.089	35.673	199.14
383.8	12.087	35.672	199.17
384.8	12.079	35.673	199.2
385.8	12.063	35.671	199.23
386.8	12.047	35.668	199.27
387.8	12.038	35.665	199.32
388.8	12.034	35.663	199.38
389.8	12.032	35.662	199.44
390.7	12.032	35.662	199.5
391.7	12.031	35.662	199.55
392.7	12.028	35.662	199.59
393.7	12.025	35.662	199.61
394.7	12.021	35.662	199.63
395.7	12.017	35.662	199.63
396.7	12.015	35.662	199.62
397.7	12.015	35.662	199.59
398.7	12.015	35.663	199.54
399.7	12.014	35.664	199.48
400.7	12.013	35.664	199.4
401.6	12.012	35.664	199.32
402.6	12.007	35.664	199.24
403.6	11.999	35.664	199.16
404.6	11.99	35.662	199.08
405.6	11.982	35.661	199.0
406.6	11.97	35.66	198.92
407.6	11.96	35.659	198.84
408.6	11.955	35.657	198.78
409.6	11.953	35.655	198.73
410.6	11.953	35.655	198.7
411.6	11.953	35.655	198.66
412.5	11.953	35.655	198.63
413.5	11.954	35.656	198.6
414.5	11.952	35.657	198.57
415.5	11.948	35.657	198.55
416.5	11.937	35.659	198.54
417.5	11.921	35.658	198.53
418.5	11.907	35.656	198.51
419.5	11.904	35.653	198.47
420.5	11.907	35.654	198.41
421.5	11.911	35.656	198.32
422.5	11.914	35.658	198.23
423.4	11.912	35.66	198.13
424.4	11.905	35.661	198.03
425.4	11.899	35.66	197.91
426.4	11.897	35.659	197.78
427.4	11.894	35.66	197.65
428.4	11.889	35.661	197.51
429.4	11.881	35.662	197.38
430.4	11.874	35.661	197.27
431.4	11.869	35.662	197.18
432.4	11.861	35.662	197.1
433.3	11.851	35.661	197.02
434.3	11.845	35.66	196.95
435.3	11.84	35.659	196.88
436.3	11.834	35.659	196.82
437.3	11.828	35.658	196.75
438.3	11.823	35.658	196.68
439.3	11.82	35.658	196.6
440.3	11.814	35.658	196.5
441.3	11.806	35.657	196.39
442.3	11.8	35.657	196.27
443.3	11.797	35.659	196.15
444.2	11.798	35.661	196.03
445.2	11.795	35.663	195.9
446.2	11.79	35.663	195.78
447.2	11.785	35.663	195.67
448.2	11.78	35.664	195.58
449.2	11.775	35.666	195.51
450.2	11.772	35.666	195.47
451.2	11.771	35.666	195.44
452.2	11.77	35.667	195.43
453.2	11.768	35.667	195.44
454.2	11.763	35.668	195.45
455.1	11.757	35.668	195.48
456.1	11.748	35.667	195.52
457.1	11.737	35.666	195.57
458.1	11.723	35.665	195.61
459.1	11.71	35.663	195.64
460.1	11.699	35.661	195.67
461.1	11.689	35.659	195.68
462.1	11.681	35.657	195.69
463.1	11.668	35.657	195.7
464.1	11.649	35.657	195.7
465.0	11.629	35.653	195.7
466.0	11.612	35.65	195.68
467.0	11.597	35.647	195.66
468.0	11.585	35.644	195.63
469.0	11.573	35.642	195.6
470.0	11.561	35.64	195.57
471.0	11.556	35.638	195.53
472.0	11.556	35.637	195.47
473.0	11.557	35.637	195.39
474.0	11.559	35.637	195.3
475.0	11.561	35.638	195.19
475.9	11.56	35.64	195.08
476.9	11.555	35.641	194.97
477.9	11.552	35.641	194.86
478.9	11.552	35.641	194.73
479.9	11.553	35.643	194.59
480.9	11.548	35.645	194.46
481.9	11.534	35.647	194.35
482.9	11.519	35.645	194.26
483.9	11.507	35.642	194.2
484.9	11.499	35.64	194.15
485.8	11.493	35.638	194.1
486.8	11.489	35.637	194.05
487.8	11.483	35.637	194.02
488.8	11.478	35.636	194.0
489.8	11.477	35.635	193.98
490.8	11.476	35.636	193.97
491.8	11.476	35.637	193.93
492.8	11.474	35.639	193.89
493.8	11.47	35.64	193.82
494.8	11.463	35.641	193.75
495.7	11.457	35.641	193.67
496.7	11.46	35.641	193.59
497.7	11.474	35.643	193.5
498.7	11.489	35.648	193.4
499.7	11.496	35.652	193.28
500.7	11.498	35.654	193.16
501.7	11.495	35.656	193.04
502.7	11.486	35.657	192.91
503.7	11.466	35.655	192.79
504.7	11.444	35.652	192.66
505.7	11.432	35.648	192.54
506.6	11.427	35.645	192.41
507.6	11.42	35.644	192.28
508.6	11.411	35.643	192.14
509.6	11.402	35.641	192.01
510.6	11.4	35.641	191.89
511.6	11.401	35.642	191.8
512.6	11.399	35.643	191.73
513.6	11.393	35.644	191.67
514.6	11.388	35.644	191.62
515.6	11.384	35.644	191.58
516.5	11.381	35.644	191.55
517.5	11.377	35.644	191.55
518.5	11.37	35.644	191.57
519.5	11.357	35.642	191.61
520.5	11.347	35.639	191.67
521.5	11.339	35.637	191.72
522.5	11.327	35.636	191.75
523.5	11.313	35.634	191.76
524.5	11.304	35.631	191.75
525.5	11.3	35.631	191.72
526.4	11.301	35.632	191.68
527.4	11.301	35.635	191.62
528.4	11.297	35.638	191.52
529.4	11.293	35.639	191.4
530.4	11.291	35.639	191.24
531.4	11.29	35.64	191.07
532.4	11.288	35.64	190.89
533.4	11.286	35.64	190.72
534.4	11.285	35.64	190.57
535.4	11.283	35.64	190.43
536.3	11.282	35.64	190.3
537.3	11.281	35.64	190.2
538.3	11.281	35.64	190.12
539.3	11.282	35.64	190.07
540.3	11.283	35.641	190.04
541.3	11.281	35.643	190.02
542.3	11.276	35.643	190.01
543.3	11.275	35.644	190.0
544.3	11.276	35.646	189.98
545.3	11.277	35.647	189.95
546.2	11.275	35.648	189.92
547.2	11.273	35.648	189.89
548.2	11.275	35.651	189.84
549.2	11.277	35.654	189.78
550.2	11.278	35.657	189.7
551.2	11.277	35.658	189.6
552.2	11.274	35.66	189.5
553.2	11.27	35.66	189.41
554.2	11.266	35.66	189.34
555.2	11.264	35.66	189.29
556.1	11.262	35.66	189.23
557.1	11.26	35.661	189.18
558.1	11.257	35.662	189.11
559.1	11.255	35.663	189.05
560.1	11.254	35.664	188.98
561.1	11.255	35.666	188.93
562.1	11.257	35.668	188.88
563.1	11.259	35.67	188.82
564.1	11.257	35.672	188.74
565.1	11.252	35.672	188.64
566.0	11.249	35.672	188.51
567.0	11.249	35.674	188.37
568.0	11.25	35.676	188.23
569.0	11.255	35.679	188.1
570.0	11.26	35.681	187.97
571.0	11.266	35.684	187.84
572.0	11.27	35.686	187.71
573.0	11.273	35.688	187.57
574.0	11.274	35.688	187.44
575.0	11.275	35.689	187.32
575.9	11.277	35.689	187.21
576.9	11.278	35.69	187.12
577.9	11.28	35.69	187.03
578.9	11.282	35.691	186.95
579.9	11.285	35.691	186.87
580.9	11.289	35.693	186.78
581.9	11.294	35.696	186.69
582.9	11.295	35.698	186.62
583.9	11.292	35.7	186.56
584.9	11.286	35.7	186.51
585.8	11.281	35.699	186.47
586.8	11.276	35.698	186.43
587.8	11.272	35.697	186.42
588.8	11.272	35.697	186.42
589.8	11.272	35.698	186.42
590.8	11.271	35.699	186.42
591.8	11.269	35.699	186.42
592.8	11.266	35.7	186.42
593.8	11.269	35.702	186.42
594.8	11.275	35.706	186.4
595.7	11.277	35.71	186.37
596.7	11.274	35.712	186.32
597.7	11.271	35.712	186.26
598.7	11.269	35.712	186.17
599.7	11.27	35.711	186.06
600.7	11.273	35.713	185.93
601.7	11.276	35.715	185.79
602.7	11.279	35.718	185.63
603.7	11.284	35.72	185.47
604.7	11.287	35.722	185.33
605.6	11.288	35.724	185.2
606.6	11.289	35.725	185.09
607.6	11.29	35.726	184.98
608.6	11.291	35.728	184.88
609.6	11.29	35.729	184.79
610.6	11.288	35.73	184.71
611.6	11.286	35.732	184.66
612.6	11.285	35.734	184.63
613.6	11.285	35.736	184.61
614.5	11.285	35.737	184.6
615.5	11.285	35.738	184.58
616.5	11.285	35.738	184.53
617.5	11.285	35.738	184.48
618.5	11.287	35.738	184.43
619.5	11.291	35.74	184.38
620.5	11.297	35.746	184.34
621.5	11.302	35.751	184.29
622.5	11.306	35.755	184.24
623.5	11.312	35.758	184.18
624.4	11.316	35.762	184.11
625.4	11.317	35.764	184.06
626.4	11.317	35.766	184.03
627.4	11.317	35.766	184.02
628.4	11.317	35.766	184.02
629.4	11.318	35.768	184.03
630.4	11.32	35.77	184.06
631.4	11.322	35.772	184.1
632.4	11.324	35.773	184.15
633.4	11.327	35.774	184.21
634.3	11.33	35.777	184.26
635.3	11.332	35.78	184.31
636.3	11.335	35.783	184.34
637.3	11.337	35.785	184.36
638.3	11.338	35.788	184.36
639.3	11.339	35.79	184.35
640.3	11.339	35.791	184.32
641.3	11.339	35.792	184.27
642.3	11.339	35.793	184.21
643.3	11.338	35.794	184.12
644.2	11.333	35.796	184.01
645.2	11.329	35.797	183.91
646.2	11.327	35.799	183.8
647.2	11.324	35.801	183.69
648.2	11.314	35.803	183.57
649.2	11.302	35.801	183.44
650.2	11.295	35.802	183.28
651.2	11.284	35.803	183.09
652.2	11.275	35.801	182.89
653.1	11.273	35.799	182.68
654.1	11.273	35.799	182.47
655.1	11.269	35.8	182.26
656.1	11.255	35.799	182.04
657.1	11.239	35.795	181.81
658.1	11.229	35.792	181.57
659.1	11.216	35.794	181.32
660.1	11.193	35.795	181.08
661.1	11.163	35.795	180.86
662.1	11.125	35.788	180.66
663.0	11.104	35.775	180.47
664.0	11.098	35.769	180.26
665.0	11.091	35.769	180.03
666.0	11.068	35.769	179.8
667.0	11.021	35.764	179.55
668.0	11.0	35.754	179.31
669.0	10.989	35.751	179.08
670.0	10.981	35.749	178.85
671.0	10.977	35.747	178.61
671.9	10.976	35.746	178.35
672.9	10.974	35.747	178.08
673.9	10.964	35.748	177.82
674.9	10.928	35.748	177.58
675.9	10.856	35.743	177.37
676.9	10.798	35.725	177.19
677.9	10.786	35.708	177.01
678.9	10.796	35.704	176.83
679.9	10.807	35.708	176.62
680.9	10.813	35.71	176.4
681.8	10.817	35.712	176.16
682.8	10.811	35.715	175.93
683.8	10.791	35.716	175.7
684.8	10.758	35.714	175.47
685.8	10.73	35.707	175.23
686.8	10.726	35.699	174.96
687.8	10.724	35.698	174.68
688.8	10.736	35.7	174.37
689.8	10.801	35.709	174.08
690.7	10.817	35.722	173.82
691.7	10.807	35.727	173.6
692.7	10.794	35.727	173.41
693.7	10.733	35.725	173.24
694.7	10.642	35.708	173.05
695.7	10.591	35.689	172.85
696.7	10.572	35.681	172.63
697.7	10.566	35.678	172.41
698.7	10.545	35.68	172.19
699.6	10.507	35.675	171.97
700.6	10.485	35.667	171.74
701.6	10.473	35.663	171.49
702.6	10.458	35.662	171.22
703.6	10.441	35.658	170.93
704.6	10.436	35.655	170.65
705.6	10.435	35.654	170.38
706.6	10.433	35.654	170.15
707.6	10.434	35.654	169.94
708.6	10.435	35.654	169.77
709.5	10.442	35.655	169.61
710.5	10.453	35.659	169.49
711.5	10.46	35.666	169.38
712.5	10.465	35.67	169.29
713.5	10.471	35.673	169.21
714.5	10.476	35.675	169.13
715.5	10.482	35.678	169.06
716.5	10.471	35.684	168.97
717.5	10.435	35.682	168.88
718.4	10.4	35.672	168.78
719.4	10.394	35.667	168.68
720.4	10.393	35.666	168.58
721.4	10.393	35.665	168.47
722.4	10.396	35.665	168.36
723.4	10.407	35.667	168.26
724.4	10.427	35.672	168.17
725.4	10.446	35.677	168.11
726.4	10.463	35.68	168.08
727.3	10.484	35.686	168.09
728.3	10.498	35.696	168.13
729.3	10.508	35.7	168.18
730.3	10.52	35.702	168.25
731.3	10.54	35.704	168.33
732.3	10.563	35.707	168.43
733.3	10.584	35.712	168.55
734.3	10.6	35.721	168.68
735.3	10.584	35.727	168.82
736.3	10.558	35.722	168.93
737.2	10.545	35.718	169.01
738.2	10.521	35.718	169.07
739.2	10.494	35.717	169.1
740.2	10.456	35.714	169.12
741.2	10.424	35.706	169.13
742.2	10.416	35.698	169.14
743.2	10.424	35.699	169.12
744.2	10.432	35.702	169.09
745.2	10.434	35.704	169.05
746.1	10.434	35.706	169.02
747.1	10.433	35.708	169.01
748.1	10.431	35.709	169.03
749.1	10.43	35.71	169.06
750.1	10.432	35.711	169.11
751.1	10.439	35.716	169.16
752.1	10.448	35.723	169.23
753.1	10.452	35.728	169.33
754.1	10.451	35.731	169.45
755.0	10.451	35.732	169.58
756.0	10.451	35.732	169.7
757.0	10.452	35.733	169.8
758.0	10.454	35.733	169.87
759.0	10.456	35.734	169.92
760.0	10.458	35.734	169.96
761.0	10.46	35.735	169.99
762.0	10.462	35.736	170.01
763.0	10.463	35.737	170.02
763.9	10.463	35.738	170.0
764.9	10.463	35.738	169.97
765.9	10.464	35.74	169.92
766.9	10.466	35.741	169.9
767.9	10.467	35.742	169.91
768.9	10.469	35.744	169.97
769.9	10.468	35.747	170.06
770.9	10.466	35.749	170.18
771.9	10.464	35.75	170.32
772.8	10.467	35.752	170.47
773.8	10.471	35.755	170.63
774.8	10.472	35.758	170.8
775.8	10.476	35.758	170.97
776.8	10.486	35.761	171.14
777.8	10.501	35.768	171.3
778.8	10.51	35.773	171.43
779.8	10.516	35.778	171.52
780.8	10.517	35.78	171.59
781.7	10.517	35.781	171.62
782.7	10.517	35.781	171.63
783.7	10.516	35.781	171.62
784.7	10.517	35.78	171.61
785.7	10.521	35.782	171.63
786.7	10.525	35.785	171.65
787.7	10.526	35.786	171.67
788.7	10.53	35.788	171.68
789.7	10.537	35.789	171.68
790.6	10.546	35.794	171.67
791.6	10.543	35.801	171.68
792.6	10.528	35.803	171.7
793.6	10.514	35.801	171.72
794.6	10.499	35.798	171.74
795.6	10.501	35.794	171.72
796.6	10.491	35.793	171.66
797.6	10.461	35.793	171.57
798.6	10.454	35.787	171.48
799.5	10.457	35.785	171.41
800.5	10.463	35.785	171.37
801.5	10.481	35.787	171.36
802.5	10.496	35.801	171.37
803.5	10.495	35.804	171.39
804.5	10.517	35.808	171.43
805.5	10.583	35.822	171.48
806.5	10.595	35.83	171.6
807.5	10.6	35.834	171.77
808.4	10.603	35.837	172.0
809.4	10.601	35.843	172.25
810.4	10.59	35.845	172.5
811.4	10.581	35.842	172.73
812.4	10.578	35.842	172.94
813.4	10.563	35.843	173.13
814.4	10.542	35.842	173.31
815.4	10.526	35.838	173.48
816.4	10.518	35.835	173.65
817.3	10.516	35.833	173.79
818.3	10.515	35.833	173.9
819.3	10.511	35.833	173.97
820.3	10.504	35.833	174.03
821.3	10.5	35.833	174.08
822.3	10.498	35.833	174.12
823.3	10.492	35.833	174.17
824.3	10.484	35.834	174.22
825.3	10.477	35.835	174.27
826.2	10.465	35.836	174.32
827.2	10.456	35.835	174.36
828.2	10.448	35.834	174.39
829.2	10.44	35.834	174.43
830.2	10.435	35.833	174.46
831.2	10.432	35.834	174.5
832.2	10.429	35.834	174.55
833.2	10.424	35.836	174.59
834.2	10.416	35.837	174.62
835.1	10.41	35.837	174.63
836.1	10.409	35.838	174.63
837.1	10.408	35.839	174.62
838.1	10.409	35.84	174.6
839.1	10.41	35.841	174.58
840.1	10.408	35.844	174.55
841.1	10.408	35.843	174.51
842.1	10.406	35.844	174.45
843.1	10.398	35.846	174.37
844.0	10.391	35.845	174.31
845.0	10.389	35.845	174.26
846.0	10.386	35.846	174.24
847.0	10.382	35.846	174.25
848.0	10.381	35.845	174.26
849.0	10.38	35.845	174.29
850.0	10.378	35.847	174.32
851.0	10.378	35.849	174.38
852.0	10.378	35.851	174.45
852.9	10.378	35.853	174.55
853.9	10.377	35.854	174.66
854.9	10.377	35.854	174.77
855.9	10.376	35.855	174.86
856.9	10.376	35.855	174.93
857.9	10.377	35.856	174.97
858.9	10.377	35.856	174.99
859.9	10.376	35.857	175.01
860.8	10.375	35.857	175.02
861.8	10.373	35.859	175.02
862.8	10.371	35.862	174.99
863.8	10.371	35.862	174.95
864.8	10.37	35.862	174.88
865.8	10.368	35.863	174.81
866.8	10.368	35.863	174.73
867.8	10.367	35.863	174.67
868.8	10.366	35.863	174.63
869.7	10.367	35.863	174.59
870.7	10.366	35.863	174.56
871.7	10.363	35.865	174.52
872.7	10.359	35.866	174.47
873.7	10.358	35.866	174.43
874.7	10.358	35.866	174.4
875.7	10.355	35.868	174.37
876.7	10.352	35.87	174.35
877.7	10.351	35.871	174.32
878.6	10.351	35.871	174.29
879.6	10.351	35.871	174.25
880.6	10.348	35.871	174.21
881.6	10.341	35.872	174.17
882.6	10.337	35.872	174.15
883.6	10.335	35.874	174.13
884.6	10.334	35.875	174.13
885.6	10.334	35.875	174.12
886.5	10.333	35.876	174.1
887.5	10.332	35.876	174.08
888.5	10.33	35.877	174.07
889.5	10.329	35.877	174.05
890.5	10.329	35.878	174.04
891.5	10.328	35.879	174.02
892.5	10.327	35.879	174.01
893.5	10.327	35.88	173.97
894.5	10.327	35.88	173.92
895.4	10.327	35.88	173.85
896.4	10.327	35.881	173.79
897.4	10.327	35.881	173.74
898.4	10.327	35.881	173.7
899.4	10.327	35.882	173.68
900.4	10.327	35.882	173.65
901.4	10.326	35.883	173.61
902.4	10.326	35.884	173.56
903.4	10.326	35.885	173.51
904.3	10.326	35.887	173.47
905.3	10.327	35.889	173.46
906.3	10.328	35.891	173.49
907.3	10.329	35.892	173.52
908.3	10.329	35.893	173.56
909.3	10.33	35.893	173.59
910.3	10.331	35.894	173.62
911.3	10.331	35.896	173.66
912.2	10.331	35.897	173.74
913.2	10.331	35.898	173.86
914.2	10.328	35.902	174.01
915.2	10.329	35.901	174.17
916.2	10.329	35.9	174.32
917.2	10.327	35.903	174.45
918.2	10.326	35.906	174.57
919.2	10.326	35.906	174.69
920.2	10.325	35.907	174.83
921.1	10.325	35.908	174.98
922.1	10.326	35.908	175.11
923.1	10.326	35.908	175.19
924.1	10.328	35.91	175.24
925.1	10.33	35.911	175.26
926.1	10.331	35.913	175.26
927.1	10.331	35.914	175.27
928.1	10.332	35.915	175.28
929.0	10.332	35.917	175.28
930.0	10.332	35.917	175.26
931.0	10.333	35.917	175.23
932.0	10.335	35.92	175.18
933.0	10.336	35.922	175.14
934.0	10.336	35.924	175.12
935.0	10.337	35.924	175.12
936.0	10.337	35.925	175.13
937.0	10.338	35.927	175.14
937.9	10.337	35.929	175.14
938.9	10.337	35.93	175.13
939.9	10.336	35.932	175.13
940.9	10.336	35.934	175.13
941.9	10.337	35.936	175.15
942.9	10.337	35.937	175.19
943.9	10.337	35.937	175.23
944.9	10.336	35.939	175.28
945.8	10.335	35.94	175.32
946.8	10.335	35.94	175.37
947.8	10.336	35.941	175.41
948.8	10.335	35.942	175.47
949.8	10.335	35.944	175.53
950.8	10.336	35.947	175.6
951.8	10.336	35.949	175.66
952.8	10.335	35.95	175.71
953.8	10.332	35.951	175.75
954.7	10.33	35.952	175.77
955.7	10.333	35.955	175.79
956.7	10.34	35.958	175.83
957.7	10.347	35.961	175.88
958.7	10.354	35.964	175.94
959.7	10.357	35.967	176.0
960.7	10.357	35.969	176.05
961.7	10.357	35.969	176.11
962.6	10.357	35.97	176.18
963.6	10.358	35.971	176.26
964.6	10.358	35.973	176.35
965.6	10.357	35.973	176.44
966.6	10.357	35.973	176.52
967.6	10.358	35.973	176.57
968.6	10.358	35.974	176.61
969.6	10.358	35.975	176.64
970.5	10.358	35.976	176.68
971.5	10.358	35.977	176.74
972.5	10.358	35.977	176.79
973.5	10.358	35.977	176.82
974.5	10.359	35.98	176.84
975.5	10.359	35.983	176.87
976.5	10.36	35.984	176.9
977.5	10.361	35.986	176.96
978.5	10.361	35.988	177.03
979.4	10.362	35.988	177.1
980.4	10.362	35.989	177.16
981.4	10.363	35.99	177.21
982.4	10.363	35.99	177.25
983.4	10.362	35.99	177.29
984.4	10.361	35.991	177.35
985.4	10.36	35.991	177.41
986.4	10.36	35.991	177.47
987.3	10.358	35.991	177.52
988.3	10.355	35.991	177.56
989.3	10.353	35.992	177.6
990.3	10.353	35.992	177.66
991.3	10.353	35.993	177.73
992.3	10.352	35.993	177.81
993.3	10.353	35.994	177.88
994.3	10.353	35.996	177.95
995.2	10.349	35.997	178.02
996.2	10.344	35.997	178.1
997.2	10.336	35.997	178.18
998.2	10.321	35.997	178.25
999.2	10.308	35.994	178.31
1000.2	10.307	35.992	178.36
1001.2	10.304	35.992	178.4
1002.2	10.297	35.992	178.44
1003.2	10.294	35.991	178.48
1004.1	10.297	35.992	178.52
1005.1	10.309	35.996	178.54
1006.1	10.32	36.001	178.56
1007.1	10.322	36.004	178.57
1008.1	10.323	36.005	178.57
1009.1	10.326	36.006	178.58
1010.1	10.332	36.008	178.59
1011.1	10.341	36.011	178.6
1012.0	10.347	36.015	178.62
1013.0	10.347	36.017	178.65
1014.0	10.35	36.018	178.68
1015.0	10.365	36.019	178.71
1016.0	10.375	36.026	178.76
1017.0	10.369	36.029	178.83
1018.0	10.37	36.028	178.9
1019.0	10.374	36.029	178.99
1019.9	10.371	36.033	179.08
1020.9	10.367	36.032	179.19
1021.9	10.364	36.031	179.31
1022.9	10.365	36.03	179.43
1023.9	10.365	36.03	179.53
1024.9	10.362	36.031	179.63
1025.9	10.358	36.03	179.73
1026.9	10.353	36.03	179.82
1027.8	10.348	36.03	179.91
1028.8	10.347	36.029	179.99
1029.8	10.348	36.029	180.05
1030.8	10.347	36.029	180.1
1031.8	10.352	36.03	180.14
1032.8	10.36	36.034	180.18
1033.8	10.36	36.04	180.22
1034.8	10.355	36.04	180.25
1035.7	10.341	36.04	180.28
1036.7	10.32	36.038	180.29
1037.7	10.302	36.032	180.29
1038.7	10.299	36.03	180.3
1039.7	10.298	36.029	180.31
1040.7	10.297	36.03	180.33
1041.7	10.301	36.03	180.35
1042.7	10.299	36.03	180.35
1043.7	10.293	36.031	180.34
1044.6	10.296	36.031	180.34
1045.6	10.304	36.031	180.35
1046.6	10.314	36.034	180.38
1047.6	10.321	36.039	180.43
1048.6	10.317	36.039	180.47
1049.6	10.32	36.038	180.5
1050.6	10.331	36.04	180.53
1051.6	10.338	36.041	180.58
1052.5	10.342	36.044	180.64
1053.5	10.343	36.047	180.73
1054.5	10.343	36.049	180.83
1055.5	10.345	36.048	180.92
1056.5	10.349	36.05	180.99
1057.5	10.35	36.056	181.04
1058.5	10.346	36.057	181.08
1059.5	10.344	36.057	181.12
1060.4	10.343	36.058	181.17
1061.4	10.342	36.059	181.22
1062.4	10.341	36.061	181.25
1063.4	10.341	36.062	181.27
1064.4	10.341	36.063	181.26
1065.4	10.341	36.064	181.25
1066.4	10.341	36.065	181.26
1067.4	10.34	36.065	181.3
1068.3	10.339	36.065	181.35
1069.3	10.336	36.067	181.41
1070.3	10.337	36.066	181.46
1071.3	10.333	36.067	181.49
1072.3	10.324	36.068	181.51
1073.3	10.322	36.067	181.51
1074.3	10.321	36.069	181.53
1075.3	10.32	36.07	181.55
1076.2	10.322	36.07	181.57
1077.2	10.323	36.071	181.58
1078.2	10.321	36.073	181.56
1079.2	10.318	36.074	181.53
1080.2	10.315	36.074	181.51
1081.2	10.316	36.074	181.53
1082.2	10.316	36.075	181.58
1083.2	10.315	36.076	181.67
1084.1	10.316	36.075	181.79
1085.1	10.315	36.076	181.91
1086.1	10.313	36.077	182.02
1087.1	10.313	36.078	182.12
1088.1	10.312	36.079	182.24
1089.1	10.312	36.079	182.38
1090.1	10.311	36.08	182.53
1091.1	10.31	36.08	182.66
1092.0	10.309	36.081	182.77
1093.0	10.309	36.081	182.86
1094.0	10.309	36.082	182.92
1095.0	10.308	36.082	182.98
1096.0	10.307	36.082	183.05
1097.0	10.306	36.083	183.14
1098.0	10.306	36.083	183.23
1099.0	10.307	36.083	183.33
1099.9	10.307	36.083	183.41
1100.9	10.304	36.084	183.47
1101.9	10.302	36.085	183.53
1102.9	10.3	36.086	183.59
1103.9	10.298	36.086	183.65
1104.9	10.3	36.086	183.7
1105.9	10.298	36.086	183.74
1106.9	10.292	36.088	183.75
1107.8	10.291	36.088	183.75
1108.8	10.291	36.089	183.73
1109.8	10.291	36.09	183.71
1110.8	10.289	36.09	183.69
1111.8	10.282	36.092	183.68
1112.8	10.277	36.092	183.67
1113.8	10.277	36.091	183.66
1114.8	10.274	36.091	183.65
1115.7	10.267	36.092	183.64
1116.7	10.266	36.092	183.64
1117.7	10.264	36.093	183.65
1118.7	10.261	36.094	183.69
1119.7	10.258	36.093	183.73
1120.7	10.254	36.093	183.77
1121.7	10.248	36.093	183.81
1122.7	10.245	36.093	183.86
1123.6	10.244	36.093	183.91
1124.6	10.243	36.092	183.97
1125.6	10.242	36.092	184.04
1126.6	10.242	36.092	184.11
1127.6	10.241	36.092	184.19
1128.6	10.241	36.092	184.26
1129.6	10.241	36.092	184.32
1130.5	10.242	36.092	184.37
1131.5	10.242	36.092	184.43
1132.5	10.241	36.093	184.48
1133.5	10.241	36.093	184.53
1134.5	10.241	36.093	184.57
1135.5	10.24	36.093	184.6
1136.5	10.239	36.093	184.62
1137.5	10.239	36.093	184.64
1138.4	10.239	36.094	184.66
1139.4	10.239	36.094	184.68
1140.4	10.239	36.094	184.7
1141.4	10.237	36.095	184.7
1142.4	10.237	36.095	184.71
1143.4	10.236	36.095	184.72
1144.4	10.235	36.095	184.75
1145.4	10.23	36.096	184.79
1146.3	10.224	36.096	184.83
1147.3	10.227	36.095	184.87
1148.3	10.223	36.095	184.91
1149.3	10.214	36.096	184.96
1150.3	10.21	36.095	185.01
1151.3	10.205	36.095	185.06
1152.3	10.2	36.094	185.13
1153.3	10.201	36.092	185.2
1154.2	10.201	36.093	185.26
1155.2	10.192	36.095	185.3
1156.2	10.178	36.094	185.33
1157.2	10.17	36.092	185.36
1158.2	10.166	36.09	185.39
1159.2	10.164	36.089	185.42
1160.2	10.161	36.089	185.44
1161.2	10.159	36.088	185.46
1162.1	10.155	36.089	185.48
1163.1	10.146	36.088	185.5
1164.1	10.138	36.088	185.53
1165.1	10.133	36.087	185.56
1166.1	10.127	36.086	185.6
1167.1	10.125	36.086	185.64
1168.1	10.122	36.085	185.68
1169.1	10.122	36.085	185.72
1170.0	10.128	36.085	185.77
1171.0	10.134	36.088	185.83
1172.0	10.136	36.091	185.89
1173.0	10.135	36.091	185.95
1174.0	10.134	36.091	185.99
1175.0	10.134	36.091	186.02
1176.0	10.132	36.091	186.06
1176.9	10.13	36.091	186.09
1177.9	10.128	36.091	186.13
1178.9	10.127	36.091	186.16
1179.9	10.126	36.091	186.19
1180.9	10.118	36.092	186.21
1181.9	10.104	36.091	186.23
1182.9	10.095	36.09	186.25
1183.9	10.081	36.09	186.28
1184.8	10.07	36.087	186.31
1185.8	10.062	36.085	186.36
1186.8	10.053	36.084	186.39
1187.8	10.047	36.082	186.43
1188.8	10.043	36.081	186.47
1189.8	10.039	36.081	186.5
1190.8	10.033	36.08	186.53
1191.8	10.027	36.079	186.56
1192.7	10.023	36.078	186.58
1193.7	10.022	36.077	186.61
1194.7	10.021	36.077	186.64
1195.7	10.022	36.078	186.67
1196.7	10.022	36.078	186.7
1197.7	10.021	36.078	186.73
1198.7	10.021	36.078	186.76
1199.6	10.019	36.078	186.79
1200.6	10.016	36.077	186.82
1201.6	10.015	36.077	186.87
1202.6	10.015	36.077	186.92
1203.6	10.016	36.077	186.99
1204.6	10.016	36.077	187.04
1205.6	10.013	36.077	187.09
1206.6	10.008	36.077	187.13
1207.5	10.005	36.076	187.18
1208.5	10.004	36.075	187.25
1209.5	10.005	36.075	187.33
1210.5	10.006	36.076	187.41
1211.5	10.005	36.076	187.49
1212.5	9.997	36.077	187.56
1213.5	9.983	36.077	187.62
1214.5	9.969	36.076	187.69
1215.4	9.951	36.074	187.77
1216.4	9.939	36.07	187.87
1217.4	9.942	36.065	187.96
1218.4	9.933	36.064	188.03
1219.4	9.929	36.066	188.08
1220.4	9.934	36.071	188.13
1221.4	9.93	36.076	188.18
1222.3	9.917	36.077	188.25
1223.3	9.898	36.075	188.32
1224.3	9.896	36.07	188.39
1225.3	9.908	36.069	188.44
1226.3	9.901	36.069	188.48
1227.3	9.887	36.068	188.52
1228.3	9.89	36.065	188.56
1229.3	9.896	36.067	188.62
1230.2	9.898	36.07	188.7
1231.2	9.897	36.07	188.78
1232.2	9.897	36.07	188.85
1233.2	9.891	36.072	188.91
1234.2	9.874	36.074	188.95
1235.2	9.859	36.069	189.0
1236.2	9.853	36.064	189.05
1237.1	9.833	36.066	189.13
1238.1	9.799	36.062	189.2
1239.1	9.774	36.052	189.28
1240.1	9.775	36.048	189.35
1241.1	9.783	36.049	189.42
1242.1	9.78	36.05	189.48
1243.1	9.771	36.051	189.54
1244.1	9.755	36.051	189.62
1245.0	9.725	36.05	189.71
1246.0	9.706	36.043	189.82
1247.0	9.704	36.037	189.94
1248.0	9.705	36.037	190.04
1249.0	9.698	36.037	190.13
1250.0	9.686	36.035	190.21
1251.0	9.679	36.035	190.29
1252.0	9.667	36.035	190.37
1252.9	9.647	36.033	190.45
1253.9	9.63	36.029	190.54
1254.9	9.622	36.025	190.63
1255.9	9.618	36.024	190.7
1256.9	9.611	36.023	190.75
1257.9	9.603	36.022	190.78
1258.9	9.597	36.02	190.81
1259.8	9.591	36.019	190.86
1260.8	9.584	36.018	190.92
1261.8	9.578	36.017	190.98
1262.8	9.576	36.016	191.03
1263.8	9.578	36.016	191.08
1264.8	9.57	36.016	191.11
1265.8	9.555	36.014	191.15
1266.8	9.548	36.012	191.2
1267.7	9.534	36.011	191.27
1268.7	9.522	36.009	191.36
1269.7	9.532	36.006	191.45
1270.7	9.526	36.007	191.53
1271.7	9.51	36.008	191.61
1272.7	9.504	36.006	191.7
1273.7	9.495	36.006	191.79
1274.6	9.492	36.003	191.88
1275.6	9.493	36.002	191.97
1276.6	9.475	36.004	192.05
1277.6	9.444	36.001	192.12
1278.6	9.425	35.994	192.17
1279.6	9.421	35.99	192.21
1280.6	9.421	35.989	192.25
1281.5	9.413	35.989	192.27
1282.5	9.397	35.989	192.3
1283.5	9.38	35.986	192.32
1284.5	9.368	35.983	192.35
1285.5	9.365	35.98	192.4
1286.5	9.372	35.981	192.46
1287.5	9.354	35.983	192.53
1288.5	9.318	35.98	192.61
1289.4	9.302	35.971	192.71
1290.4	9.297	35.968	192.83
1291.4	9.296	35.965	192.96
1292.4	9.303	35.964	193.1
1293.4	9.295	35.968	193.25
1294.4	9.262	35.969	193.39
1295.4	9.223	35.962	193.52
1296.3	9.208	35.955	193.63
1297.3	9.206	35.949	193.74
1298.3	9.205	35.949	193.84
1299.3	9.201	35.949	193.93
1300.3	9.193	35.948	193.99
1301.3	9.186	35.947	194.04
1302.3	9.176	35.946	194.09
1303.3	9.165	35.945	194.13
1304.2	9.154	35.943	194.18
1305.2	9.146	35.94	194.22
1306.2	9.139	35.94	194.27
1307.2	9.128	35.938	194.32
1308.2	9.119	35.936	194.39
1309.2	9.114	35.934	194.46
1310.2	9.115	35.934	194.56
1311.1	9.119	35.934	194.67
1312.1	9.106	35.935	194.78
1313.1	9.092	35.933	194.89
1314.1	9.09	35.929	195.01
1315.1	9.089	35.929	195.13
1316.1	9.089	35.928	195.26
1317.1	9.092	35.927	195.37
1318.1	9.086	35.929	195.45
1319.0	9.066	35.931	195.51
1320.0	9.045	35.928	195.55
1321.0	9.031	35.925	195.58
1322.0	9.016	35.922	195.59
1323.0	9.013	35.917	195.6
1324.0	9.022	35.916	195.59
1325.0	9.01	35.92	195.56
1325.9	8.978	35.918	195.51
1326.9	8.95	35.909	195.46
1327.9	8.941	35.905	195.44
1328.9	8.931	35.903	195.45
1329.9	8.917	35.902	195.48
1330.9	8.91	35.9	195.53
1331.9	8.905	35.897	195.58
1332.8	8.9	35.897	195.64
1333.8	8.891	35.896	195.72
1334.8	8.881	35.895	195.83
1335.8	8.873	35.894	195.96
1336.8	8.87	35.892	196.11
1337.8	8.858	35.894	196.25
1338.8	8.835	35.893	196.39
1339.7	8.82	35.886	196.52
1340.7	8.815	35.884	196.64
1341.7	8.813	35.883	196.77
1342.7	8.822	35.881	196.9
1343.7	8.813	35.885	197.02
1344.7	8.789	35.887	197.13
1345.7	8.774	35.881	197.22
1346.7	8.773	35.876	197.3
1347.6	8.773	35.875	197.38
1348.6	8.778	35.875	197.45
1349.6	8.783	35.877	197.53
1350.6	8.773	35.878	197.59
1351.6	8.757	35.878	197.63
1352.6	8.751	35.876	197.65
1353.6	8.749	35.874	197.67
1354.5	8.746	35.873	197.69
1355.5	8.739	35.873	197.7
1356.5	8.727	35.872	197.7
1357.5	8.719	35.869	197.69
1358.5	8.717	35.868	197.67
1359.5	8.71	35.868	197.65
1360.5	8.699	35.867	197.63
1361.4	8.692	35.865	197.61
1362.4	8.69	35.863	197.61
1363.4	8.687	35.863	197.61
1364.4	8.682	35.863	197.62
1365.4	8.673	35.862	197.64
1366.4	8.665	35.86	197.68
1367.4	8.66	35.858	197.72
1368.4	8.655	35.858	197.78
1369.3	8.645	35.857	197.83
1370.3	8.636	35.855	197.89
1371.3	8.633	35.853	197.96
1372.3	8.632	35.852	198.03
1373.3	8.629	35.852	198.11
1374.3	8.619	35.852	198.18
1375.3	8.603	35.85	198.24
1376.2	8.594	35.846	198.28
1377.2	8.597	35.845	198.3
1378.2	8.602	35.847	198.33
1379.2	8.602	35.85	198.35
1380.2	8.597	35.851	198.36
1381.2	8.599	35.851	198.37
1382.2	8.612	35.854	198.38
1383.1	8.624	35.857	198.38
1384.1	8.633	35.859	198.36
1385.1	8.638	35.861	198.33
1386.1	8.647	35.862	198.3
1387.1	8.65	35.866	198.27
1388.1	8.645	35.867	198.25
1389.1	8.643	35.865	198.24
1390.0	8.669	35.864	198.23
1391.0	8.702	35.873	198.22
1392.0	8.708	35.883	198.22
1393.0	8.718	35.883	198.22
1394.0	8.735	35.888	198.22
1395.0	8.743	35.896	198.23
1396.0	8.741	35.896	198.28
1396.9	8.735	35.896	198.35
1397.9	8.728	35.895	198.44
1398.9	8.726	35.893	198.52
1399.9	8.718	35.894	198.58
1400.9	8.696	35.892	198.62
1401.9	8.677	35.886	198.64
1402.9	8.677	35.882	198.66
1403.8	8.678	35.883	198.68
1404.8	8.676	35.884	198.71
1405.8	8.677	35.883	198.74
1406.8	8.664	35.884	198.75
1407.8	8.634	35.885	198.75
1408.8	8.589	35.883	198.74
1409.8	8.534	35.875	198.75
1410.8	8.503	35.862	198.8
1411.7	8.501	35.853	198.9
1412.7	8.506	35.851	199.04
1413.7	8.514	35.854	199.22
1414.7	8.51	35.857	199.4
1415.7	8.488	35.855	199.57
1416.7	8.463	35.848	199.74
1417.7	8.447	35.845	199.92
1418.6	8.42	35.843	200.1
1419.6	8.39	35.838	200.29
1420.6	8.358	35.833	200.48
1421.6	8.341	35.826	200.65
1422.6	8.344	35.818	200.79
1423.6	8.335	35.818	200.88
1424.6	8.316	35.815	200.94
1425.5	8.309	35.809	200.98
1426.5	8.318	35.811	201.02
1427.5	8.32	35.814	201.08
1428.5	8.321	35.816	201.14
1429.5	8.324	35.816	201.2
1430.5	8.329	35.818	201.24
1431.5	8.33	35.819	201.25
1432.4	8.327	35.82	201.28
1433.4	8.321	35.819	201.31
1434.4	8.316	35.818	201.37
1435.4	8.313	35.817	201.45
1436.4	8.313	35.817	201.53
1437.4	8.31	35.818	201.61
1438.4	8.3	35.818	201.68
1439.3	8.287	35.816	201.73
1440.3	8.282	35.813	201.79
1441.3	8.282	35.812	201.86
1442.3	8.279	35.812	201.92
1443.3	8.271	35.811	201.98
1444.3	8.263	35.81	202.01
1445.3	8.257	35.808	202.04
1446.2	8.253	35.807	202.07
1447.2	8.251	35.806	202.09
1448.2	8.25	35.805	202.12
1449.2	8.247	35.805	202.16
1450.2	8.244	35.805	202.19
1451.2	8.241	35.804	202.23
1452.2	8.237	35.803	202.28
1453.1	8.232	35.803	202.34
1454.1	8.21	35.805	202.42
1455.1	8.164	35.802	202.5
1456.1	8.13	35.789	202.58
1457.1	8.128	35.781	202.65
1458.1	8.126	35.781	202.72
1459.1	8.122	35.781	202.79
1460.0	8.118	35.779	202.87
1461.0	8.117	35.779	202.95
1462.0	8.117	35.778	203.02
1463.0	8.115	35.778	203.07
1464.0	8.111	35.778	203.11
1465.0	8.107	35.777	203.12
1466.0	8.106	35.776	203.14
1466.9	8.106	35.776	203.17
1467.9	8.105	35.776	203.21
1468.9	8.101	35.776	203.23
1469.9	8.1	35.775	203.24
1470.9	8.1	35.775	203.22
1471.9	8.1	35.774	203.18
1472.9	8.1	35.774	203.13
1473.8	8.096	35.775	203.08
1474.8	8.09	35.775	203.06
1475.8	8.085	35.773	203.06
1476.8	8.079	35.773	203.06
1477.8	8.058	35.77	203.05
1478.8	8.025	35.767	203.03
1479.8	7.999	35.763	203.03
1480.7	7.979	35.759	203.07
1481.7	7.964	35.755	203.15
1482.7	7.942	35.752	203.27
1483.7	7.933	35.747	203.44
1484.7	7.945	35.743	203.62
1485.7	7.921	35.742	203.8
1486.7	7.874	35.737	203.98
1487.6	7.858	35.732	204.17
1488.6	7.845	35.73	204.37
1489.6	7.826	35.727	204.58
1490.6	7.812	35.725	204.81
1491.6	7.821	35.725	205.05
1492.6	7.845	35.725	205.26
1493.6	7.827	35.722	205.45
1494.5	7.775	35.716	205.6
1495.5	7.745	35.711	205.73
1496.5	7.744	35.708	205.84
1497.5	7.744	35.707	205.95
1498.5	7.742	35.707	206.06
1499.5	7.741	35.706	206.16
1500.5	7.741	35.706	206.23
1501.4	7.741	35.706	206.27
1502.4	7.742	35.706	206.28
1503.4	7.742	35.706	206.27
1504.4	7.737	35.707	206.27
1505.4	7.719	35.706	206.28
1506.4	7.691	35.703	206.31
1507.4	7.666	35.696	206.36
1508.3	7.656	35.692	206.41
1509.3	7.651	35.69	206.46
1510.3	7.624	35.687	206.5
1511.3	7.572	35.678	206.55
1512.3	7.54	35.673	206.61
1513.3	7.534	35.67	206.7
1514.3	7.526	35.668	206.81
1515.2	7.523	35.664	206.95
1516.2	7.523	35.662	207.09
1517.2	7.504	35.662	207.23
1518.2	7.454	35.656	207.35
1519.2	7.409	35.647	207.47
1520.2	7.385	35.643	207.59
1521.2	7.349	35.638	207.73
1522.1	7.325	35.633	207.89
1523.1	7.325	35.629	208.06
1524.1	7.329	35.628	208.24
1525.1	7.317	35.627	208.4
1526.1	7.301	35.625	208.53
1527.1	7.295	35.623	208.64
1528.0	7.291	35.622	208.75
1529.0	7.286	35.621	208.86
1530.0	7.282	35.621	208.98
1531.0	7.278	35.62	209.09
1532.0	7.274	35.619	209.19
1533.0	7.271	35.618	209.27
1534.0	7.269	35.618	209.33
1534.9	7.266	35.617	209.38
1535.9	7.261	35.617	209.43
1536.9	7.251	35.616	209.48
1537.9	7.243	35.614	209.54
1538.9	7.237	35.613	209.59
1539.9	7.23	35.612	209.65
1540.9	7.222	35.611	209.71
1541.8	7.214	35.61	209.78
1542.8	7.201	35.608	209.85
1543.8	7.185	35.606	209.91
1544.8	7.164	35.603	209.96
1545.8	7.148	35.599	210.0
1546.8	7.143	35.596	210.05
1547.8	7.141	35.595	210.11
1548.7	7.138	35.595	210.17
1549.7	7.133	35.595	210.24
1550.7	7.124	35.594	210.31
1551.7	7.111	35.592	210.36
1552.7	7.1	35.59	210.39
1553.7	7.094	35.588	210.42
1554.7	7.092	35.587	210.47
1555.6	7.09	35.587	210.53
1556.6	7.084	35.587	210.6
1557.6	7.079	35.586	210.68
1558.6	7.078	35.585	210.75
1559.6	7.079	35.584	210.81
1560.6	7.079	35.585	210.84
1561.6	7.077	35.585	210.87
1562.5	7.069	35.585	210.9
1563.5	7.053	35.583	210.96
1564.5	7.033	35.58	211.03
1565.5	7.024	35.577	211.09
1566.5	7.021	35.575	211.13
1567.5	7.02	35.574	211.14
1568.4	7.02	35.574	211.12
1569.4	7.019	35.574	211.09
1570.4	7.017	35.575	211.06
1571.4	7.015	35.574	211.04
1572.4	7.014	35.574	211.05
1573.4	7.013	35.574	211.04
1574.4	7.009	35.573	211.02
1575.3	7.005	35.573	210.98
1576.3	7.004	35.572	210.94
1577.3	6.999	35.573	210.92
1578.3	6.988	35.573	210.94
1579.3	6.972	35.572	211.02
1580.3	6.971	35.569	211.13
1581.3	6.977	35.567	211.26
1582.2	6.956	35.567	211.38
1583.2	6.931	35.564	211.49
1584.2	6.926	35.56	211.59
1585.2	6.92	35.56	211.7
1586.2	6.909	35.559	211.83
1587.2	6.898	35.557	211.97
1588.2	6.886	35.554	212.1
1589.1	6.872	35.551	212.22
1590.1	6.862	35.549	212.3
1591.1	6.859	35.548	212.36
1592.1	6.862	35.548	212.41
1593.1	6.864	35.55	212.47
1594.1	6.845	35.55	212.57
1595.0	6.816	35.546	212.7
1596.0	6.797	35.539	212.84
1597.0	6.782	35.537	212.99
1598.0	6.769	35.536	213.13
1599.0	6.754	35.533	213.25
1600.0	6.735	35.529	213.37
1601.0	6.723	35.526	213.51
1601.9	6.718	35.524	213.64
1602.9	6.715	35.524	213.79
1603.9	6.708	35.523	213.93
1604.9	6.7	35.523	214.04
1605.9	6.689	35.522	214.13
1606.9	6.681	35.52	214.19
1607.9	6.679	35.518	214.22
1608.8	6.678	35.517	214.26
1609.8	6.676	35.517	214.3
1610.8	6.667	35.517	214.35
1611.8	6.655	35.516	214.4
1612.8	6.65	35.513	214.44
1613.8	6.648	35.513	214.46
1614.7	6.641	35.512	214.46
1615.7	6.628	35.511	214.46
1616.7	6.621	35.508	214.46
1617.7	6.62	35.507	214.49
1618.7	6.619	35.507	214.55
1619.7	6.621	35.507	214.62
1620.7	6.624	35.508	214.7
1621.6	6.617	35.509	214.77
1622.6	6.605	35.508	214.83
1623.6	6.598	35.506	214.89
1624.6	6.593	35.504	214.97
1625.6	6.589	35.503	215.09
1626.6	6.589	35.502	215.21
1627.6	6.591	35.502	215.34
1628.5	6.57	35.5	215.44
1629.5	6.542	35.497	215.52
1630.5	6.533	35.495	215.58
1631.5	6.528	35.493	215.63
1632.5	6.524	35.492	215.67
1633.5	6.523	35.492	215.71
1634.4	6.522	35.492	215.75
1635.4	6.522	35.491	215.77
1636.4	6.523	35.491	215.78
1637.4	6.522	35.492	215.77
1638.4	6.522	35.492	215.74
1639.4	6.521	35.492	215.72
1640.4	6.518	35.491	215.68
1641.3	6.514	35.49	215.66
1642.3	6.514	35.489	215.65
1643.3	6.513	35.49	215.65
1644.3	6.51	35.49	215.65
1645.3	6.51	35.49	215.65
1646.3	6.51	35.489	215.64
1647.3	6.511	35.488	215.64
1648.2	6.512	35.488	215.64
1649.2	6.512	35.489	215.67
1650.2	6.51	35.49	215.73
1651.2	6.51	35.49	215.8
1652.2	6.508	35.489	215.86
1653.2	6.505	35.489	215.9
1654.1	6.503	35.488	215.94
1655.1	6.503	35.488	215.99
1656.1	6.499	35.487	216.06
1657.1	6.491	35.486	216.15
1658.1	6.487	35.485	216.25
1659.1	6.484	35.486	216.34
1660.1	6.45	35.484	216.42
1661.0	6.415	35.478	216.48
1662.0	6.409	35.474	216.54
1663.0	6.403	35.473	216.61
1664.0	6.397	35.472	216.7
1665.0	6.387	35.47	216.81
1666.0	6.374	35.469	216.92
1666.9	6.355	35.466	217.01
1667.9	6.338	35.463	217.08
1668.9	6.325	35.461	217.14
1669.9	6.314	35.458	217.22
1670.9	6.302	35.456	217.3
1671.9	6.294	35.454	217.4
1672.9	6.292	35.453	217.49
1673.8	6.292	35.453	217.58
1674.8	6.29	35.452	217.66
1675.8	6.284	35.452	217.72
1676.8	6.278	35.45	217.77
1677.8	6.273	35.449	217.82
1678.8	6.269	35.449	217.89
1679.7	6.266	35.449	217.95
1680.7	6.264	35.449	218.0
1681.7	6.261	35.448	218.03
1682.7	6.26	35.448	218.04
1683.7	6.259	35.448	218.05
1684.7	6.255	35.448	218.06
1685.7	6.251	35.447	218.07
1686.6	6.248	35.446	218.09
1687.6	6.248	35.445	218.11
1688.6	6.25	35.445	218.12
1689.6	6.251	35.445	218.11
1690.6	6.25	35.445	218.1
1691.6	6.249	35.446	218.1
1692.5	6.246	35.446	218.11
1693.5	6.244	35.446	218.13
1694.5	6.245	35.445	218.16
1695.5	6.243	35.445	218.18
1696.5	6.236	35.444	218.18
1697.5	6.221	35.442	218.16
1698.5	6.201	35.441	218.14
1699.4	6.195	35.439	218.14
1700.4	6.2	35.437	218.14
1701.4	6.156	35.428	218.15
1702.4			
1703.4			
1704.4			
1705.3			
1706.3			
1707.3			
1708.3			
1709.3			
1710.3			
1711.3			
1712.2			
1713.2			
1714.2			
1715.2			
1716.2			
1717.2			
1718.1			
1719.1			
1720.1			
1721.1			
1722.1			
1723.1			
1724.1			
1725.0			
1726.0			
1727.0			
1728.0			
1729.0			
1730.0			
1730.9			
1731.9			
1732.9			
1733.9			
1734.9			
1735.9			
1736.9			
1737.8			
1738.8			
1739.8			
1740.8			
1741.8			
1742.8			
1743.7			
1744.7			
1745.7			
1746.7			
1747.7			
1748.7			
1749.7			
1750.6			
1751.6			
1752.6			
1753.6			
1754.6			
1755.6			
1756.5			
1757.5			
1758.5			
1759.5			
1760.5			
1761.5			
1762.4			
1763.4			
1764.4			
1765.4			
1766.4			
1767.4			
1768.4			
1769.3			
1770.3			
1771.3			
1772.3			
1773.3			
1774.3			
1775.2			
1776.2			
1777.2			
1778.2			
1779.2			
1780.2			
1781.1			
1782.1			
1783.1			
1784.1			
1785.1			
1786.1			
1787.1			
1788.0			
1789.0			
1790.0			
1791.0			
1792.0			
1793.0			
1793.9			
1794.9			
1795.9			
1796.9			
1797.9			
1798.9			
1799.8			
1800.8			
1801.8			
1802.8			
1803.8			
1804.8			
1805.8			
1806.7			
1807.7			
1808.7			
1809.7			
1810.7			
1811.7			
1812.6			
1813.6			
1814.6			
1815.6			
1816.6			
1817.6			
1818.5			
1819.5			
1820.5			
1821.5			
1822.5			
1823.5			
1824.5			
1825.4			
1826.4			
1827.4			
1828.4			
1829.4			
1830.4			
1831.3			
1832.3			
1833.3			
1834.3			
1835.3			
1836.3			
1837.2			
1838.2			
1839.2			
1840.2			
1841.2			
1842.2			
1843.1			
1844.1			
1845.1			
1846.1			
1847.1			
1848.1			
1849.1			
1850.0			
1851.0			
1852.0			
1853.0			
1854.0			
1855.0			
1855.9			
1856.9			
1857.9			
1858.9			
1859.9			
1860.9			
1861.8			
1862.8			
1863.8			
1864.8			
1865.8			
1866.8			
1867.7			
1868.7			
1869.7			
1870.7			
1871.7			
1872.7			
1873.6			
1874.6			
1875.6			
1876.6			
1877.6			
1878.6			
1879.6			
1880.5			
1881.5			
1882.5			
1883.5			
1884.5			
1885.5			
1886.4			
1887.4			
1888.4			
1889.4			
1890.4			
1891.4			
1892.3			
1893.3			
1894.3			
1895.3			
1896.3			
1897.3			
1898.2			
1899.2			
1900.2			
1901.2			
1902.2			
1903.2			
1904.1			
1905.1			
1906.1			
1907.1			
1908.1			
1909.1			
1910.0			
1911.0			
1912.0			
1913.0			
1914.0			
1915.0			
1915.9			
1916.9			
1917.9			
1918.9			
1919.9			
1920.9			
1921.8			
1922.8			
1923.8			
1924.8			
1925.8			
1926.8			
1927.8			
1928.7			
1929.7			
1930.7			
1931.7			
1932.7			
1933.7			
1934.6			
1935.6			
1936.6			
1937.6			
1938.6			
1939.6			
1940.5			
1941.5			
1942.5			
1943.5			
1944.5			
1945.5			
1946.4			
1947.4			
1948.4			
1949.4			
1950.4			
1951.4			
1952.3			
1953.3			
1954.3			
1955.3			
1956.3			
1957.3			
1958.2			
1959.2			
1960.2			
1961.2			
1962.2			
1963.2			
1964.1			
1965.1			
1966.1			
1967.1			
1968.1			
1969.1			
1970.0			
1971.0			
1972.0			
1973.0			
1974.0			
1975.0			
1975.9			
1976.9			
1977.9			
1978.9			
1979.9			
1980.9			
1981.8			
1982.8			
1983.8			
1984.8			
1985.8			
1986.8			
1987.7			
1988.7			
1989.7			
1990.7			
1991.7			
1992.7			
1993.6			
1994.6			
1995.6			
1996.6			
1997.6			
1998.6			
1999.5			
2000.5			
2001.5			
2002.5			
2003.5			
2004.5			
2005.4			
2006.4			
2007.4			
2008.4			
2009.4			
2010.4			
2011.3			
2012.3			
2013.3			
2014.3			
2015.3			
2016.3			
2017.2			
2018.2			
2019.2			
2020.2			
2021.2			
2022.2			
2023.1			
2024.1			
2025.1			
2026.1			
2027.1			
2028.0			
2029.0			
2030.0			
2031.0			
2032.0			
2033.0			
2033.9			
2034.9			
2035.9			
2036.9			
2037.9			
2038.9			
2039.8			
2040.8			
2041.8			
2042.8			
2043.8			
2044.8			
2045.7			
2046.7			
2047.7			
2048.7			
2049.7			
2050.7			
2051.6			
2052.6			
2053.6			
2054.6			
2055.6			
2056.6			
2057.5			
2058.5			
2059.5			
2060.5			
2061.5			
2062.5			
2063.4			
2064.4			
2065.4			
2066.4			
2067.4			
2068.4			
2069.3			
2070.3			
2071.3			
2072.3			
2073.3			
2074.3			
2075.2			
2076.2			
2077.2			
2078.2			
2079.2			
2080.1			
2081.1			
2082.1			
2083.1			
2084.1			
2085.1			
2086.0			
2087.0			
2088.0			
2089.0			
2090.0			
2091.0			
2091.9			
2092.9			
2093.9			
2094.9			
2095.9			
2096.9			
2097.8			
2098.8			
2099.8			
2100.8			
2101.8			
2102.8			
2103.7			
2104.7			
2105.7			
2106.7			
2107.7			
2108.6			
2109.6			
2110.6			
2111.6			
2112.6			
2113.6			
2114.5			
2115.5			
2116.5			
2117.5			
2118.5			
2119.5			
2120.4			
2121.4			
2122.4			
2123.4			
2124.4			
2125.4			
2126.3			
2127.3			
2128.3			
2129.3			
2130.3			
2131.2			
2132.2			
2133.2			
2134.2			
2135.2			
2136.2			
2137.1			
2138.1			
2139.1			
2140.1			
2141.1			
2142.1			
2143.0			
2144.0			
2145.0			
2146.0			
2147.0			
