Depth [m]	Temperature [degC]	Salinity [PSU]	Oxygen [umol/kg]
1.0	20.351	36.433	222.02
2.0	20.351	36.433	222.81
3.0	20.351	36.433	223.62
4.0	20.351	36.433	224.46
5.0	20.351	36.433	225.37
6.0	20.351	36.433	226.36
6.9	20.326	36.434	227.48
7.9	20.288	36.435	228.71
8.9	20.264	36.435	229.99
9.9	20.248	36.435	231.3
10.9	20.225	36.435	232.58
11.9	20.185	36.437	233.82
12.9	20.124	36.438	235.0
13.9	20.054	36.435	236.11
14.9	19.992	36.429	237.14
15.9	19.934	36.425	238.09
16.9	19.864	36.422	238.97
17.9	19.77	36.42	239.77
18.9	19.634	36.414	240.54
19.9	19.466	36.4	241.3
20.8	19.311	36.383	242.04
21.8	19.209	36.363	242.79
22.8	19.155	36.349	243.55
23.8	19.126	36.346	244.32
24.8	19.096	36.345	245.1
25.8	19.034	36.354	245.89
26.8	18.783	36.372	246.68
27.8	18.252	36.376	247.45
28.8	17.701	36.371	248.15
29.8	17.373	36.358	248.75
30.8	17.232	36.335	249.23
31.8	17.169	36.321	249.57
32.8	17.102	36.318	249.79
33.7	17.034	36.319	249.87
34.7	16.967	36.321	249.84
35.7	16.893	36.319	249.7
36.7	16.824	36.315	249.43
37.7	16.766	36.306	249.05
38.7	16.707	36.296	248.56
39.7	16.66	36.288	248.01
40.7	16.63	36.285	247.43
41.7	16.605	36.287	246.84
42.7	16.57	36.289	246.27
43.7	16.522	36.285	245.71
44.7	16.473	36.279	245.18
45.7	16.429	36.274	244.66
46.7	16.389	36.272	244.15
47.6	16.362	36.269	243.66
48.6	16.346	36.266	243.2
49.6	16.328	36.263	242.75
50.6	16.303	36.26	242.28
51.6	16.283	36.257	241.78
52.6	16.263	36.257	241.25
53.6	16.232	36.256	240.66
54.6	16.188	36.255	240.03
55.6	16.133	36.255	239.35
56.6	16.078	36.247	238.62
57.6	16.045	36.238	237.82
58.6	16.028	36.233	236.97
59.6	16.003	36.23	236.06
60.5	15.968	36.228	235.11
61.5	15.931	36.225	234.13
62.5	15.899	36.221	233.15
63.5	15.869	36.218	232.18
64.5	15.836	36.214	231.21
65.5	15.806	36.209	230.27
66.5	15.784	36.203	229.36
67.5	15.774	36.199	228.48
68.5	15.768	36.196	227.65
69.5	15.755	36.195	226.86
70.5	15.725	36.196	226.13
71.5	15.672	36.195	225.48
72.5	15.615	36.183	224.91
73.4	15.576	36.172	224.4
74.4	15.557	36.166	223.94
75.4	15.543	36.162	223.5
76.4	15.53	36.159	223.08
77.4	15.516	36.157	222.67
78.4	15.503	36.154	222.29
79.4	15.493	36.153	221.93
80.4	15.47	36.155	221.59
81.4	15.409	36.154	221.25
82.4	15.347	36.138	220.88
83.4	15.322	36.123	220.47
84.4	15.314	36.119	220.05
85.4	15.294	36.121	219.61
86.3	15.258	36.121	219.21
87.3	15.229	36.112	218.83
88.3	15.213	36.104	218.46
89.3	15.205	36.101	218.06
90.3	15.201	36.1	217.63
91.3	15.187	36.102	217.17
92.3	15.16	36.103	216.67
93.3	15.134	36.099	216.12
94.3	15.111	36.092	215.53
95.3	15.097	36.087	214.87
96.3	15.084	36.082	214.16
97.3	15.058	36.079	213.36
98.3	15.008	36.074	212.49
99.2	14.962	36.065	211.62
100.2	14.939	36.056	210.76
101.2	14.927	36.053	209.92
102.2	14.917	36.052	209.11
103.2	14.908	36.05	208.37
104.2	14.892	36.048	207.72
105.2	14.863	36.045	207.16
106.2	14.838	36.041	206.7
107.2	14.814	36.038	206.32
108.2	14.791	36.035	206.05
109.2	14.759	36.032	205.85
110.2	14.729	36.026	205.69
111.2	14.713	36.02	205.54
112.1	14.707	36.017	205.42
113.1	14.701	36.016	205.31
114.1	14.694	36.015	205.2
115.1	14.687	36.014	205.09
116.1	14.681	36.012	204.99
117.1	14.674	36.011	204.89
118.1	14.666	36.01	204.79
119.1	14.657	36.009	204.68
120.1	14.647	36.007	204.58
121.1	14.636	36.006	204.49
122.1	14.629	36.004	204.45
123.1	14.623	36.002	204.45
124.0	14.61	36.002	204.49
125.0	14.584	36.001	204.55
126.0	14.547	35.997	204.64
127.0	14.516	35.99	204.76
128.0	14.501	35.985	204.93
129.0	14.498	35.982	205.16
130.0	14.495	35.982	205.45
131.0	14.488	35.981	205.79
132.0	14.476	35.979	206.18
133.0	14.465	35.978	206.62
134.0	14.458	35.976	207.09
135.0	14.452	35.976	207.6
136.0	14.432	35.976	208.14
136.9	14.395	35.972	208.7
137.9	14.364	35.965	209.24
138.9	14.347	35.959	209.76
139.9	14.333	35.958	210.24
140.9	14.317	35.956	210.68
141.9	14.304	35.952	211.07
142.9	14.295	35.951	211.39
143.9	14.277	35.95	211.63
144.9	14.255	35.946	211.81
145.9	14.238	35.942	211.92
146.9	14.223	35.94	211.95
147.9	14.208	35.937	211.91
148.8	14.197	35.935	211.79
149.8	14.187	35.933	211.61
150.8	14.181	35.931	211.37
151.8	14.174	35.931	211.06
152.8	14.162	35.931	210.69
153.8	14.143	35.93	210.28
154.8	14.118	35.928	209.84
155.8	14.097	35.926	209.37
156.8	14.086	35.922	208.87
157.8	14.083	35.92	208.35
158.8	14.083	35.92	207.84
159.8	14.082	35.92	207.34
160.8	14.077	35.92	206.86
161.7	14.069	35.921	206.43
162.7	14.061	35.92	206.04
163.7	14.052	35.919	205.7
164.7	14.045	35.918	205.4
165.7	14.035	35.917	205.15
166.7	14.02	35.916	204.92
167.7	14.008	35.913	204.73
168.7	14.004	35.912	204.58
169.7	13.995	35.912	204.46
170.7	13.978	35.911	204.37
171.7	13.962	35.908	204.28
172.7	13.951	35.905	204.21
173.6	13.936	35.904	204.12
174.6	13.918	35.901	204.03
175.6	13.904	35.899	203.95
176.6	13.895	35.897	203.87
177.6	13.887	35.896	203.8
178.6	13.882	35.895	203.74
179.6	13.878	35.894	203.69
180.6	13.872	35.894	203.63
181.6	13.861	35.893	203.57
182.6	13.846	35.893	203.51
183.6	13.83	35.892	203.46
184.6	13.814	35.889	203.43
185.5	13.799	35.886	203.41
186.5	13.782	35.884	203.39
187.5	13.76	35.881	203.36
188.5	13.737	35.877	203.33
189.5	13.717	35.874	203.3
190.5	13.697	35.873	203.27
191.5	13.675	35.87	203.24
192.5	13.658	35.866	203.22
193.5	13.647	35.862	203.2
194.5	13.635	35.861	203.18
195.5	13.619	35.86	203.14
196.5	13.594	35.86	203.1
197.5	13.568	35.856	203.06
198.4	13.557	35.851	203.04
199.4	13.553	35.848	203.02
200.4	13.547	35.848	203.0
201.4	13.535	35.847	202.98
202.4	13.523	35.845	202.96
203.4	13.516	35.843	202.95
204.4	13.512	35.842	202.93
205.4	13.506	35.842	202.92
206.4	13.496	35.842	202.91
207.4	13.476	35.842	202.89
208.4	13.449	35.84	202.88
209.4	13.432	35.835	202.87
210.3	13.42	35.831	202.85
211.3	13.405	35.829	202.83
212.3	13.393	35.827	202.79
213.3	13.386	35.825	202.76
214.3	13.384	35.824	202.71
215.3	13.382	35.824	202.67
216.3	13.379	35.824	202.64
217.3	13.374	35.824	202.61
218.3	13.367	35.823	202.57
219.3	13.354	35.823	202.53
220.3	13.337	35.822	202.48
221.3	13.319	35.82	202.44
222.2	13.308	35.817	202.41
223.2	13.303	35.815	202.39
224.2	13.301	35.814	202.38
225.2	13.301	35.813	202.38
226.2	13.299	35.813	202.38
227.2	13.294	35.813	202.36
228.2	13.28	35.813	202.33
229.2	13.264	35.811	202.31
230.2	13.253	35.809	202.28
231.2	13.242	35.808	202.25
232.2	13.226	35.807	202.22
233.2	13.211	35.805	202.19
234.1	13.203	35.802	202.15
235.1	13.192	35.801	202.09
236.1	13.181	35.799	201.98
237.1	13.176	35.797	201.84
238.1	13.174	35.797	201.68
239.1	13.173	35.797	201.53
240.1	13.171	35.797	201.38
241.1	13.164	35.798	201.23
242.1	13.149	35.797	201.07
243.1	13.133	35.794	200.89
244.1	13.121	35.792	200.69
245.0	13.111	35.79	200.5
246.0	13.106	35.789	200.34
247.0	13.1	35.789	200.25
248.0	13.093	35.788	200.24
249.0	13.085	35.787	200.27
250.0	13.071	35.787	200.33
251.0	13.05	35.785	200.39
252.0	13.026	35.783	200.47
253.0	13.011	35.78	200.57
254.0	12.999	35.778	200.71
255.0	12.976	35.777	200.87
256.0	12.947	35.774	201.04
256.9	12.925	35.769	201.2
257.9	12.911	35.766	201.32
258.9	12.9	35.764	201.4
259.9	12.893	35.762	201.45
260.9	12.888	35.761	201.48
261.9	12.881	35.761	201.51
262.9	12.87	35.76	201.53
263.9	12.863	35.759	201.53
264.9	12.858	35.757	201.52
265.9	12.847	35.757	201.49
266.9	12.828	35.756	201.46
267.9	12.809	35.754	201.41
268.8	12.796	35.751	201.37
269.8	12.794	35.749	201.33
270.8	12.793	35.749	201.31
271.8	12.789	35.749	201.29
272.8	12.78	35.749	201.27
273.8	12.771	35.747	201.25
274.8	12.765	35.746	201.23
275.8	12.76	35.745	201.2
276.8	12.757	35.744	201.18
277.8	12.755	35.744	201.18
278.8	12.754	35.744	201.18
279.7	12.753	35.744	201.18
280.7	12.752	35.744	201.18
281.7	12.748	35.744	201.18
282.7	12.742	35.743	201.16
283.7	12.738	35.742	201.14
284.7	12.732	35.743	201.13
285.7	12.72	35.742	201.13
286.7	12.711	35.74	201.13
287.7	12.706	35.738	201.12
288.7	12.704	35.738	201.11
289.7	12.702	35.737	201.09
290.7	12.701	35.737	201.07
291.6	12.699	35.737	201.05
292.6	12.697	35.737	201.04
293.6	12.695	35.737	201.05
294.6	12.692	35.737	201.06
295.6	12.689	35.736	201.07
296.6	12.686	35.736	201.07
297.6	12.681	35.736	201.07
298.6	12.669	35.737	201.04
299.6	12.655	35.736	201.01
300.6	12.646	35.734	200.98
301.6	12.642	35.732	200.95
302.5	12.638	35.732	200.91
303.5	12.634	35.731	200.86
304.5	12.632	35.73	200.79
305.5	12.63	35.73	200.71
306.5	12.624	35.731	200.62
307.5	12.608	35.733	200.53
308.5	12.584	35.732	200.46
309.5	12.563	35.728	200.43
310.5	12.552	35.724	200.41
311.5	12.541	35.722	200.4
312.5	12.528	35.721	200.38
313.5	12.516	35.719	200.37
314.4	12.51	35.717	200.38
315.4	12.507	35.717	200.4
316.4	12.504	35.716	200.44
317.4	12.501	35.716	200.49
318.4	12.5	35.716	200.54
319.4	12.498	35.715	200.58
320.4	12.494	35.715	200.6
321.4	12.49	35.715	200.61
322.4	12.482	35.715	200.63
323.4	12.469	35.715	200.65
324.4	12.455	35.713	200.67
325.3	12.442	35.711	200.68
326.3	12.433	35.708	200.68
327.3	12.428	35.707	200.68
328.3	12.425	35.706	200.67
329.3	12.422	35.706	200.65
330.3	12.419	35.705	200.62
331.3	12.415	35.705	200.6
332.3	12.408	35.705	200.57
333.3	12.401	35.704	200.53
334.3	12.397	35.703	200.49
335.3	12.395	35.702	200.44
336.2	12.389	35.702	200.37
337.2	12.373	35.703	200.3
338.2	12.345	35.702	200.22
339.2	12.319	35.699	200.14
340.2	12.307	35.695	200.06
341.2	12.298	35.693	199.97
342.2	12.291	35.692	199.88
343.2	12.283	35.691	199.77
344.2	12.273	35.691	199.66
345.2	12.263	35.69	199.55
346.2	12.253	35.689	199.46
347.1	12.24	35.688	199.37
348.1	12.226	35.686	199.29
349.1	12.216	35.683	199.21
350.1	12.207	35.683	199.13
351.1	12.196	35.682	199.07
352.1	12.187	35.68	199.03
353.1	12.18	35.679	199.0
354.1	12.172	35.679	199.0
355.1	12.162	35.678	199.0
356.1	12.154	35.676	199.01
357.1	12.149	35.675	199.01
358.0	12.144	35.675	199.01
359.0	12.14	35.674	199.02
360.0	12.137	35.674	199.03
361.0	12.132	35.674	199.04
362.0	12.126	35.674	199.04
363.0	12.116	35.673	199.03
364.0	12.106	35.672	199.0
365.0	12.097	35.672	198.97
366.0	12.088	35.671	198.93
367.0	12.081	35.671	198.89
368.0	12.075	35.67	198.84
368.9	12.067	35.67	198.79
369.9	12.053	35.669	198.74
370.9	12.034	35.668	198.68
371.9	12.021	35.665	198.62
372.9	12.011	35.664	198.55
373.9	12.001	35.663	198.49
374.9	11.994	35.661	198.42
375.9	11.991	35.66	198.36
376.9	11.989	35.66	198.31
377.9	11.986	35.66	198.25
378.9	11.983	35.659	198.19
379.8	11.977	35.659	198.14
380.8	11.969	35.659	198.08
381.8	11.958	35.659	198.03
382.8	11.945	35.658	197.97
383.8	11.931	35.657	197.92
384.8	11.918	35.655	197.88
385.8	11.908	35.654	197.83
386.8	11.896	35.654	197.77
387.8	11.876	35.654	197.71
388.8	11.856	35.651	197.65
389.8	11.845	35.648	197.59
390.7	11.838	35.647	197.52
391.7	11.829	35.647	197.44
392.7	11.817	35.647	197.37
393.7	11.804	35.646	197.29
394.7	11.793	35.644	197.21
395.7	11.786	35.643	197.12
396.7	11.781	35.642	197.03
397.7	11.777	35.641	196.93
398.7	11.771	35.641	196.83
399.7	11.764	35.641	196.74
400.7	11.761	35.64	196.64
401.6	11.758	35.64	196.55
402.6	11.753	35.64	196.46
403.6	11.747	35.64	196.36
404.6	11.742	35.639	196.26
405.6	11.737	35.638	196.15
406.6	11.733	35.638	196.04
407.6	11.729	35.637	195.94
408.6	11.724	35.638	195.84
409.6	11.716	35.638	195.75
410.6	11.709	35.637	195.66
411.6	11.703	35.636	195.56
412.5	11.7	35.636	195.45
413.5	11.697	35.635	195.34
414.5	11.694	35.635	195.24
415.5	11.69	35.635	195.15
416.5	11.687	35.635	195.07
417.5	11.682	35.635	194.99
418.5	11.677	35.635	194.91
419.5	11.672	35.635	194.82
420.5	11.668	35.634	194.73
421.5	11.663	35.634	194.65
422.5	11.658	35.634	194.57
423.4	11.655	35.633	194.5
424.4	11.652	35.633	194.43
425.4	11.649	35.633	194.35
426.4	11.645	35.633	194.26
427.4	11.64	35.633	194.17
428.4	11.636	35.632	194.07
429.4	11.633	35.632	193.97
430.4	11.628	35.632	193.85
431.4	11.62	35.632	193.74
432.4	11.611	35.631	193.61
433.3	11.605	35.631	193.46
434.3	11.599	35.631	193.3
435.3	11.59	35.631	193.13
436.3	11.581	35.631	192.97
437.3	11.574	35.631	192.82
438.3	11.567	35.63	192.67
439.3	11.562	35.629	192.51
440.3	11.557	35.629	192.36
441.3	11.552	35.629	192.18
442.3	11.549	35.629	192.0
443.3	11.548	35.629	191.82
444.2	11.546	35.629	191.65
445.2	11.544	35.629	191.5
446.2	11.541	35.63	191.36
447.2	11.536	35.631	191.21
448.2	11.531	35.631	191.05
449.2	11.527	35.631	190.87
450.2	11.522	35.632	190.68
451.2	11.517	35.633	190.51
452.2	11.512	35.633	190.35
453.2	11.504	35.634	190.2
454.2	11.494	35.634	190.06
455.1	11.485	35.633	189.91
456.1	11.48	35.633	189.74
457.1	11.477	35.632	189.57
458.1	11.477	35.631	189.42
459.1	11.478	35.631	189.29
460.1	11.475	35.632	189.19
461.1	11.471	35.633	189.1
462.1	11.467	35.632	189.01
463.1	11.463	35.632	188.93
464.1	11.459	35.632	188.85
465.0	11.455	35.632	188.78
466.0	11.452	35.631	188.72
467.0	11.451	35.631	188.67
468.0	11.45	35.631	188.62
469.0	11.448	35.631	188.56
470.0	11.445	35.63	188.48
471.0	11.437	35.631	188.38
472.0	11.422	35.632	188.29
473.0	11.411	35.631	188.19
474.0	11.404	35.63	188.09
475.0	11.398	35.63	187.99
475.9	11.395	35.63	187.89
476.9	11.394	35.63	187.8
477.9	11.394	35.63	187.73
478.9	11.394	35.63	187.66
479.9	11.39	35.632	187.59
480.9	11.382	35.635	187.53
481.9	11.369	35.636	187.48
482.9	11.353	35.634	187.44
483.9	11.34	35.631	187.42
484.9	11.332	35.629	187.4
485.8	11.325	35.628	187.37
486.8	11.319	35.629	187.34
487.8	11.313	35.629	187.3
488.8	11.307	35.629	187.25
489.8	11.304	35.629	187.21
490.8	11.302	35.629	187.17
491.8	11.301	35.629	187.13
492.8	11.299	35.629	187.07
493.8	11.298	35.629	187.0
494.8	11.298	35.629	186.93
495.7	11.298	35.629	186.86
496.7	11.298	35.63	186.8
497.7	11.296	35.631	186.74
498.7	11.291	35.631	186.69
499.7	11.284	35.632	186.64
500.7	11.279	35.632	186.57
501.7	11.277	35.633	186.5
502.7	11.277	35.633	186.43
503.7	11.277	35.633	186.36
504.7	11.278	35.634	186.3
505.7	11.28	35.635	186.25
506.6	11.283	35.637	186.19
507.6	11.284	35.639	186.13
508.6	11.286	35.64	186.06
509.6	11.289	35.641	185.97
510.6	11.286	35.643	185.87
511.6	11.277	35.644	185.79
512.6	11.271	35.643	185.72
513.6	11.27	35.642	185.65
514.6	11.273	35.643	185.58
515.6	11.276	35.645	185.5
516.5	11.279	35.647	185.41
517.5	11.281	35.651	185.3
518.5	11.281	35.653	185.19
519.5	11.28	35.654	185.1
520.5	11.277	35.654	185.03
521.5	11.271	35.655	184.97
522.5	11.266	35.654	184.9
523.5	11.263	35.654	184.83
524.5	11.262	35.654	184.74
525.5	11.261	35.654	184.65
526.4	11.261	35.655	184.57
527.4	11.261	35.656	184.51
528.4	11.26	35.657	184.46
529.4	11.26	35.657	184.41
530.4	11.259	35.659	184.34
531.4	11.257	35.66	184.24
532.4	11.254	35.663	184.13
533.4	11.251	35.665	184.01
534.4	11.249	35.667	183.89
535.4	11.247	35.669	183.8
536.3	11.244	35.67	183.7
537.3	11.241	35.672	183.6
538.3	11.236	35.674	183.46
539.3	11.227	35.676	183.31
540.3	11.219	35.678	183.14
541.3	11.213	35.68	183.0
542.3	11.21	35.681	182.9
543.3	11.211	35.683	182.82
544.3	11.214	35.684	182.74
545.3	11.219	35.685	182.65
546.2	11.228	35.688	182.53
547.2	11.234	35.692	182.41
548.2	11.231	35.696	182.29
549.2	11.209	35.7	182.21
550.2	11.183	35.7	182.15
551.2	11.163	35.695	182.1
552.2	11.152	35.692	182.03
553.2	11.145	35.69	181.92
554.2	11.138	35.69	181.79
555.2	11.132	35.689	181.66
556.1	11.129	35.688	181.54
557.1	11.128	35.687	181.45
558.1	11.127	35.687	181.38
559.1	11.125	35.688	181.3
560.1	11.124	35.688	181.21
561.1	11.12	35.688	181.1
562.1	11.111	35.69	180.96
563.1	11.101	35.69	180.84
564.1	11.096	35.691	180.74
565.1	11.093	35.691	180.67
566.0	11.092	35.691	180.62
567.0	11.091	35.692	180.56
568.0	11.091	35.692	180.48
569.0	11.09	35.692	180.38
570.0	11.087	35.694	180.27
571.0	11.083	35.696	180.18
572.0	11.078	35.698	180.11
573.0	11.073	35.699	180.06
574.0	11.071	35.701	180.02
575.0	11.071	35.702	179.96
575.9	11.073	35.705	179.88
576.9	11.077	35.71	179.79
577.9	11.076	35.712	179.7
578.9	11.073	35.712	179.62
579.9	11.071	35.712	179.55
580.9	11.068	35.713	179.5
581.9	11.067	35.713	179.44
582.9	11.066	35.714	179.38
583.9	11.066	35.715	179.31
584.9	11.065	35.717	179.24
585.8	11.064	35.718	179.18
586.8	11.063	35.718	179.14
587.8	11.061	35.719	179.11
588.8	11.06	35.719	179.08
589.8	11.058	35.719	179.07
590.8	11.055	35.719	179.06
591.8	11.054	35.719	179.06
592.8	11.054	35.719	179.04
593.8	11.055	35.719	179.02
594.8	11.054	35.719	179.0
595.7	11.052	35.72	178.99
596.7	11.046	35.721	178.97
597.7	11.04	35.721	178.95
598.7	11.036	35.721	178.92
599.7	11.034	35.721	178.86
600.7	11.032	35.721	178.78
601.7	11.03	35.721	178.68
602.7	11.025	35.722	178.58
603.7	11.015	35.724	178.5
604.7	11.007	35.723	178.43
605.6	11.005	35.723	178.36
606.6	11.006	35.723	178.28
607.6	11.009	35.724	178.18
608.6	11.011	35.727	178.07
609.6	11.01	35.73	177.96
610.6	11.006	35.73	177.89
611.6	11.002	35.73	177.83
612.6	10.999	35.73	177.8
613.6	10.997	35.729	177.76
614.5	10.997	35.729	177.7
615.5	10.996	35.73	177.63
616.5	10.989	35.73	177.54
617.5	10.979	35.73	177.48
618.5	10.974	35.729	177.44
619.5	10.965	35.729	177.42
620.5	10.956	35.728	177.42
621.5	10.953	35.727	177.42
622.5	10.951	35.726	177.4
623.5	10.95	35.727	177.36
624.4	10.95	35.727	177.32
625.4	10.95	35.727	177.29
626.4	10.95	35.727	177.27
627.4	10.954	35.728	177.27
628.4	10.962	35.732	177.27
629.4	10.966	35.738	177.27
630.4	10.965	35.742	177.26
631.4	10.964	35.742	177.23
632.4	10.972	35.742	177.2
633.4	10.993	35.745	177.18
634.3	11.011	35.755	177.17
635.3	11.013	35.761	177.18
636.3	11.009	35.763	177.2
637.3	10.999	35.763	177.21
638.3	10.972	35.76	177.21
639.3	10.955	35.753	177.19
640.3	10.958	35.753	177.16
641.3	10.954	35.757	177.13
642.3	10.943	35.756	177.09
643.3	10.955	35.754	177.05
644.2	10.982	35.762	177.0
645.2	10.964	35.767	176.94
646.2	10.917	35.763	176.87
647.2	10.892	35.753	176.78
648.2	10.88	35.75	176.7
649.2	10.888	35.749	176.64
650.2	10.964	35.761	176.6
651.2	11.008	35.776	176.57
652.2	11.011	35.785	176.55
653.1	11.008	35.787	176.53
654.1	11.013	35.788	176.52
655.1	11.017	35.792	176.51
656.1	11.032	35.791	176.53
657.1	11.053	35.795	176.57
658.1	11.067	35.804	176.63
659.1	11.087	35.811	176.69
660.1	11.105	35.818	176.75
661.1	11.119	35.822	176.8
662.1	11.134	35.826	176.86
663.0	11.143	35.833	176.94
664.0	11.141	35.84	177.06
665.0	11.14	35.842	177.22
666.0	11.151	35.844	177.38
667.0	11.173	35.85	177.55
668.0	11.193	35.858	177.71
669.0	11.209	35.862	177.88
670.0	11.23	35.868	178.08
671.0	11.251	35.875	178.28
671.9	11.269	35.883	178.5
672.9	11.28	35.889	178.7
673.9	11.287	35.891	178.88
674.9	11.294	35.893	179.04
675.9	11.304	35.895	179.18
676.9	11.31	35.899	179.32
677.9	11.314	35.901	179.45
678.9	11.317	35.903	179.57
679.9	11.319	35.904	179.66
680.9	11.323	35.905	179.73
681.8	11.326	35.907	179.78
682.8	11.328	35.908	179.84
683.8	11.32	35.911	179.9
684.8	11.312	35.913	179.97
685.8	11.313	35.914	180.02
686.8	11.322	35.918	180.06
687.8	11.332	35.92	180.08
688.8	11.346	35.925	180.09
689.8	11.356	35.931	180.11
690.7	11.357	35.935	180.15
691.7	11.355	35.936	180.19
692.7	11.353	35.936	180.21
693.7	11.356	35.935	180.22
694.7	11.363	35.937	180.21
695.7	11.372	35.94	180.2
696.7	11.384	35.943	180.19
697.7	11.4	35.948	180.2
698.7	11.413	35.955	180.22
699.6	11.415	35.963	180.25
700.6	11.412	35.965	180.26
701.6	11.418	35.965	180.26
702.6	11.436	35.969	180.28
703.6	11.453	35.978	180.32
704.6	11.456	35.983	180.4
705.6	11.465	35.983	180.5
706.6	11.515	35.993	180.62
707.6	11.561	36.015	180.74
708.6	11.576	36.032	180.85
709.5	11.575	36.036	180.97
710.5	11.573	36.034	181.1
711.5	11.569	36.035	181.25
712.5	11.561	36.036	181.41
713.5	11.552	36.034	181.55
714.5	11.552	36.034	181.65
715.5	11.557	36.035	181.73
716.5	11.564	36.038	181.78
717.5	11.57	36.04	181.82
718.4	11.575	36.042	181.86
719.4	11.579	36.044	181.9
720.4	11.58	36.047	181.94
721.4	11.582	36.048	181.94
722.4	11.584	36.049	181.92
723.4	11.583	36.05	181.91
724.4	11.581	36.05	181.9
725.4	11.578	36.05	181.91
726.4	11.575	36.05	181.92
727.3	11.571	36.049	181.91
728.3	11.57	36.048	181.89
729.3	11.569	36.048	181.84
730.3	11.568	36.048	181.8
731.3	11.567	36.048	181.76
732.3	11.564	36.048	181.75
733.3	11.557	36.048	181.74
734.3	11.551	36.047	181.7
735.3	11.548	36.046	181.64
736.3	11.546	36.046	181.57
737.2	11.546	36.047	181.51
738.2	11.543	36.049	181.48
739.2	11.535	36.051	181.48
740.2	11.523	36.049	181.51
741.2	11.509	36.045	181.53
742.2	11.5	36.042	181.53
743.2	11.495	36.04	181.51
744.2	11.518	36.039	181.51
745.2	11.555	36.05	181.53
746.1	11.571	36.066	181.58
747.1	11.574	36.072	181.66
748.1	11.572	36.074	181.74
749.1	11.563	36.074	181.8
750.1	11.546	36.072	181.83
751.1	11.528	36.068	181.85
752.1	11.512	36.066	181.86
753.1	11.495	36.064	181.9
754.1	11.481	36.061	181.94
755.0	11.479	36.058	181.98
756.0	11.48	36.059	182.01
757.0	11.481	36.061	182.01
758.0	11.482	36.061	182.0
759.0	11.473	36.064	181.96
760.0	11.441	36.065	181.92
761.0	11.416	36.058	181.88
762.0	11.407	36.051	181.83
763.0	11.396	36.049	181.79
763.9	11.379	36.049	181.72
764.9	11.361	36.046	181.63
765.9	11.341	36.041	181.54
766.9	11.327	36.036	181.44
767.9	11.314	36.031	181.32
768.9	11.311	36.028	181.2
769.9	11.311	36.03	181.09
770.9	11.302	36.031	180.98
771.9	11.295	36.028	180.89
772.8	11.276	36.025	180.78
773.8	11.251	36.018	180.65
774.8	11.239	36.013	180.52
775.8	11.224	36.012	180.37
776.8	11.211	36.008	180.23
777.8	11.215	36.007	180.11
778.8	11.218	36.01	180.0
779.8	11.217	36.011	179.9
780.8	11.217	36.011	179.79
781.7	11.215	36.011	179.68
782.7	11.213	36.011	179.57
783.7	11.211	36.01	179.48
784.7	11.207	36.01	179.42
785.7	11.201	36.01	179.4
786.7	11.195	36.009	179.41
787.7	11.19	36.007	179.41
788.7	11.187	36.006	179.42
789.7	11.184	36.006	179.41
790.6	11.18	36.005	179.4
791.6	11.174	36.005	179.39
792.6	11.167	36.004	179.36
793.6	11.156	36.003	179.33
794.6	11.144	36.001	179.27
795.6	11.133	35.998	179.2
796.6	11.125	35.997	179.11
797.6	11.11	35.997	179.01
798.6	11.09	35.993	178.92
799.5	11.085	35.988	178.84
800.5	11.105	35.988	178.75
801.5	11.139	35.997	178.67
802.5	11.158	36.006	178.61
803.5	11.175	36.01	178.6
804.5	11.198	36.02	178.63
805.5	11.205	36.028	178.69
806.5	11.213	36.03	178.79
807.5	11.232	36.033	178.91
808.4	11.272	36.041	179.04
809.4	11.314	36.051	179.18
810.4	11.352	36.064	179.35
811.4	11.375	36.076	179.54
812.4	11.385	36.085	179.74
813.4	11.39	36.089	179.95
814.4	11.4	36.092	180.15
815.4	11.395	36.097	180.32
816.4	11.369	36.096	180.47
817.3	11.343	36.09	180.6
818.3	11.325	36.085	180.71
819.3	11.313	36.081	180.8
820.3	11.307	36.078	180.88
821.3	11.309	36.077	180.95
822.3	11.313	36.08	181.0
823.3	11.293	36.08	181.04
824.3	11.272	36.076	181.05
825.3	11.267	36.071	181.06
826.2	11.267	36.071	181.05
827.2	11.263	36.072	181.04
828.2	11.223	36.073	181.02
829.2	11.183	36.066	181.0
830.2	11.115	36.055	180.96
831.2	11.054	36.043	180.92
832.2	11.038	36.029	180.87
833.2	11.043	36.028	180.81
834.2	11.055	36.03	180.75
835.1	11.065	36.033	180.7
836.1	11.074	36.037	180.64
837.1	11.082	36.04	180.59
838.1	11.085	36.042	180.55
839.1	11.086	36.045	180.51
840.1	11.084	36.047	180.49
841.1	11.079	36.046	180.47
842.1	11.06	36.047	180.45
843.1	11.032	36.045	180.44
844.0	11.016	36.04	180.42
845.0	11.002	36.037	180.39
846.0	10.993	36.036	180.35
847.0	10.995	36.037	180.31
848.0	11.01	36.04	180.27
849.0	11.021	36.045	180.23
850.0	11.027	36.049	180.19
851.0	11.03	36.05	180.16
852.0	11.032	36.05	180.12
852.9	11.033	36.051	180.09
853.9	11.026	36.052	180.07
854.9	11.017	36.052	180.05
855.9	11.011	36.051	180.04
856.9	11.008	36.053	180.04
857.9	10.991	36.053	180.05
858.9	10.974	36.049	180.07
859.9	10.981	36.046	180.09
860.8	10.992	36.049	180.11
861.8	11.002	36.053	180.13
862.8	11.015	36.056	180.15
863.8	11.029	36.061	180.17
864.8	11.033	36.067	180.2
865.8	11.025	36.067	180.24
866.8	11.02	36.065	180.28
867.8	11.018	36.064	180.31
868.8	11.03	36.064	180.33
869.7	11.039	36.074	180.35
870.7	11.014	36.076	180.37
871.7	10.968	36.067	180.39
872.7	10.954	36.06	180.43
873.7	10.955	36.056	180.47
874.7	10.971	36.056	180.5
875.7	10.999	36.064	180.54
876.7	11.015	36.074	180.56
877.7	11.021	36.079	180.58
878.6	11.029	36.082	180.59
879.6	11.011	36.085	180.59
880.6	10.968	36.082	180.58
881.6	10.9	36.069	180.57
882.6	10.866	36.057	180.54
883.6	10.86	36.047	180.5
884.6	10.861	36.046	180.44
885.6	10.87	36.047	180.38
886.5	10.886	36.05	180.3
887.5	10.917	36.054	180.22
888.5	10.963	36.066	180.14
889.5	10.979	36.077	180.08
890.5	10.991	36.088	180.04
891.5	10.999	36.094	180.01
892.5	10.996	36.094	179.99
893.5	10.994	36.094	179.97
894.5	10.974	36.095	179.95
895.4	10.934	36.092	179.92
896.4	10.903	36.083	179.9
897.4	10.901	36.079	179.88
898.4	10.902	36.079	179.88
899.4	10.891	36.08	179.88
900.4	10.886	36.079	179.86
901.4	10.885	36.078	179.83
902.4	10.878	36.078	179.77
903.4	10.87	36.076	179.69
904.3	10.873	36.074	179.61
905.3	10.86	36.08	179.52
906.3	10.841	36.079	179.44
907.3	10.833	36.072	179.35
908.3	10.818	36.071	179.24
909.3	10.798	36.066	179.11
910.3	10.783	36.06	178.97
911.3	10.774	36.059	178.83
912.2	10.766	36.057	178.71
913.2	10.765	36.056	178.61
914.2	10.777	36.058	178.52
915.2	10.793	36.063	178.45
916.2	10.807	36.07	178.38
917.2	10.811	36.074	178.33
918.2	10.811	36.075	178.29
919.2	10.812	36.075	178.26
920.2	10.809	36.076	178.25
921.1	10.802	36.076	178.25
922.1	10.795	36.076	178.26
923.1	10.792	36.075	178.25
924.1	10.793	36.076	178.25
925.1	10.788	36.078	178.24
926.1	10.783	36.08	178.24
927.1	10.779	36.079	178.25
928.1	10.778	36.08	178.25
929.0	10.777	36.081	178.26
930.0	10.778	36.083	178.26
931.0	10.78	36.086	178.26
932.0	10.78	36.087	178.26
933.0	10.78	36.087	178.26
934.0	10.78	36.088	178.26
935.0	10.78	36.088	178.27
936.0	10.779	36.088	178.27
937.0	10.78	36.088	178.27
937.9	10.781	36.088	178.27
938.9	10.781	36.089	178.27
939.9	10.781	36.089	178.27
940.9	10.783	36.089	178.27
941.9	10.787	36.089	178.27
942.9	10.794	36.092	178.28
943.9	10.797	36.094	178.28
944.9	10.797	36.095	178.29
945.8	10.796	36.095	178.3
946.8	10.794	36.095	178.31
947.8	10.794	36.095	178.31
948.8	10.795	36.095	178.31
949.8	10.795	36.095	178.31
950.8	10.803	36.095	178.31
951.8	10.828	36.098	178.31
952.8	10.843	36.11	178.32
953.8	10.841	36.116	178.33
954.7	10.839	36.118	178.35
955.7	10.836	36.12	178.36
956.7	10.829	36.121	178.38
957.7	10.822	36.122	178.4
958.7	10.815	36.123	178.42
959.7	10.826	36.124	178.44
960.7	10.839	36.129	178.46
961.7	10.85	36.13	178.49
962.6	10.879	36.134	178.52
963.6	10.913	36.142	178.55
964.6	10.931	36.152	178.58
965.6	10.947	36.156	178.61
966.6	10.989	36.162	178.63
967.6	11.043	36.178	178.66
968.6	11.076	36.194	178.69
969.6	11.092	36.204	178.72
970.5	11.095	36.211	178.75
971.5	11.09	36.212	178.78
972.5	11.087	36.211	178.79
973.5	11.09	36.211	178.8
974.5	11.102	36.211	178.8
975.5	11.119	36.215	178.8
976.5	11.123	36.221	178.81
977.5	11.119	36.223	178.82
978.5	11.116	36.223	178.83
979.4	11.107	36.223	178.84
980.4	11.092	36.222	178.85
981.4	11.086	36.219	178.87
982.4	11.082	36.218	178.89
983.4	11.079	36.218	178.93
984.4	11.076	36.217	178.99
985.4	11.073	36.217	179.05
986.4	11.072	36.216	179.13
987.3	11.072	36.216	179.22
988.3	11.071	36.217	179.32
989.3	11.07	36.217	179.42
990.3	11.069	36.217	179.53
991.3	11.068	36.216	179.65
992.3	11.067	36.216	179.76
993.3	11.064	36.216	179.87
994.3	11.059	36.216	179.97
995.2	11.055	36.215	180.05
996.2	11.047	36.214	180.13
997.2	11.038	36.213	180.19
998.2	11.027	36.212	180.22
999.2	11.02	36.21	180.24
1000.2	11.018	36.208	180.25
1001.2	11.017	36.208	180.24
1002.2	11.016	36.208	180.23
1003.2	11.016	36.208	180.22
1004.1	11.014	36.209	180.22
1005.1	11.014	36.209	180.22
1006.1	11.013	36.21	180.22
1007.1	11.012	36.211	180.2
1008.1	11.01	36.212	180.17
1009.1	11.003	36.213	180.13
1010.1	10.997	36.212	180.09
1011.1	11.001	36.211	180.06
1012.0	11.009	36.213	180.02
1013.0	11.015	36.216	179.97
1014.0	11.022	36.221	179.91
1015.0	11.034	36.223	179.84
1016.0	11.057	36.229	179.78
1017.0	11.075	36.234	179.73
1018.0	11.101	36.241	179.72
1019.0	11.122	36.25	179.73
1019.9	11.142	36.258	179.76
1020.9	11.179	36.269	179.81
1021.9	11.218	36.282	179.87
1022.9	11.244	36.294	179.95
1023.9	11.258	36.302	180.05
1024.9	11.261	36.304	180.15
1025.9	11.26	36.305	180.26
1026.9	11.258	36.305	180.36
1027.8	11.257	36.304	180.45
1028.8	11.256	36.304	180.52
1029.8	11.255	36.303	180.6
1030.8	11.253	36.303	180.66
1031.8	11.252	36.302	180.74
1032.8	11.253	36.301	180.81
1033.8	11.254	36.302	180.87
1034.8	11.255	36.303	180.92
1035.7	11.256	36.304	180.95
1036.7	11.258	36.304	180.99
1037.7	11.26	36.305	181.02
1038.7	11.261	36.306	181.05
1039.7	11.261	36.306	181.08
1040.7	11.26	36.306	181.09
1041.7	11.26	36.306	181.09
1042.7	11.261	36.306	181.07
1043.7	11.264	36.306	181.04
1044.6	11.268	36.308	181.0
1045.6	11.272	36.31	180.95
1046.6	11.274	36.311	180.9
1047.6	11.275	36.311	180.86
1048.6	11.278	36.312	180.84
1049.6	11.282	36.313	180.82
1050.6	11.285	36.314	180.81
1051.6	11.29	36.316	180.81
1052.5	11.293	36.317	180.81
1053.5	11.297	36.318	180.82
1054.5	11.302	36.32	180.84
1055.5	11.306	36.323	180.86
1056.5	11.307	36.324	180.89
1057.5	11.307	36.324	180.91
1058.5	11.308	36.324	180.92
1059.5	11.309	36.324	180.92
1060.4	11.31	36.324	180.9
1061.4	11.311	36.324	180.86
1062.4	11.312	36.325	180.82
1063.4	11.312	36.326	180.77
1064.4	11.313	36.326	180.72
1065.4	11.314	36.326	180.68
1066.4	11.315	36.327	180.63
1067.4	11.315	36.327	180.6
1068.3	11.316	36.327	180.57
1069.3	11.316	36.327	180.56
1070.3	11.316	36.327	180.56
1071.3	11.317	36.328	180.58
1072.3	11.317	36.328	180.6
1073.3	11.318	36.328	180.63
1074.3	11.318	36.329	180.67
1075.3	11.318	36.329	180.7
1076.2	11.319	36.329	180.74
1077.2	11.32	36.329	180.77
1078.2	11.32	36.329	180.79
1079.2	11.32	36.329	180.79
1080.2	11.32	36.329	180.8
1081.2	11.32	36.329	180.8
1082.2	11.32	36.329	180.8
1083.2	11.32	36.329	180.81
1084.1	11.32	36.329	180.82
1085.1	11.321	36.329	180.83
1086.1	11.322	36.329	180.85
1087.1	11.323	36.33	180.88
1088.1	11.323	36.33	180.9
1089.1	11.323	36.33	180.94
1090.1	11.325	36.331	180.99
1091.1	11.327	36.332	181.04
1092.0	11.328	36.333	181.1
1093.0	11.328	36.333	181.14
1094.0	11.327	36.334	181.18
1095.0	11.327	36.334	181.22
1096.0	11.327	36.334	181.24
1097.0	11.328	36.334	181.26
1098.0	11.328	36.335	181.28
1099.0	11.328	36.335	181.3
1099.9	11.328	36.335	181.32
1100.9	11.327	36.336	181.35
1101.9	11.323	36.336	181.38
1102.9	11.318	36.338	181.42
1103.9	11.312	36.339	181.47
1104.9	11.311	36.339	181.53
1105.9	11.313	36.34	181.6
1106.9	11.316	36.341	181.69
1107.8	11.321	36.342	181.78
1108.8	11.327	36.344	181.89
1109.8	11.331	36.347	181.99
1110.8	11.333	36.349	182.1
1111.8	11.341	36.349	182.21
1112.8	11.355	36.354	182.32
1113.8	11.362	36.359	182.43
1114.8	11.368	36.361	182.55
1115.7	11.377	36.364	182.68
1116.7	11.386	36.368	182.8
1117.7	11.393	36.372	182.93
1118.7	11.402	36.375	183.05
1119.7	11.411	36.378	183.16
1120.7	11.417	36.381	183.28
1121.7	11.419	36.382	183.39
1122.7	11.418	36.383	183.51
1123.6	11.413	36.384	183.62
1124.6	11.404	36.383	183.72
1125.6	11.399	36.382	183.79
1126.6	11.398	36.382	183.84
1127.6	11.399	36.382	183.89
1128.6	11.401	36.382	183.93
1129.6	11.402	36.383	183.96
1130.5	11.403	36.384	183.99
1131.5	11.403	36.385	184.01
1132.5	11.405	36.388	184.02
1133.5	11.408	36.39	184.03
1134.5	11.411	36.392	184.02
1135.5	11.415	36.394	184.02
1136.5	11.419	36.395	184.03
1137.5	11.428	36.396	184.04
1138.4	11.445	36.4	184.05
1139.4	11.465	36.408	184.05
1140.4	11.483	36.415	184.03
1141.4	11.496	36.421	184.02
1142.4	11.501	36.425	184.0
1143.4	11.507	36.426	183.98
1144.4	11.512	36.429	183.96
1145.4	11.525	36.431	183.94
1146.3	11.555	36.435	183.93
1147.3	11.592	36.446	183.93
1148.3	11.615	36.457	183.94
1149.3	11.632	36.465	183.95
1150.3	11.643	36.47	183.95
1151.3	11.648	36.472	183.95
1152.3	11.651	36.473	183.93
1153.3	11.654	36.473	183.91
1154.2	11.658	36.474	183.88
1155.2	11.66	36.475	183.85
1156.2	11.661	36.476	183.79
1157.2	11.663	36.478	183.71
1158.2	11.665	36.478	183.61
1159.2	11.667	36.479	183.48
1160.2	11.669	36.479	183.35
1161.2	11.669	36.479	183.24
1162.1	11.669	36.48	183.16
1163.1	11.67	36.48	183.11
1164.1	11.672	36.48	183.07
1165.1	11.678	36.481	183.06
1166.1	11.687	36.483	183.06
1167.1	11.694	36.486	183.09
1168.1	11.698	36.489	183.15
1169.1	11.698	36.49	183.24
1170.0	11.697	36.49	183.36
1171.0	11.7	36.49	183.48
1172.0	11.707	36.492	183.58
1173.0	11.708	36.494	183.65
1174.0	11.708	36.494	183.7
1175.0	11.71	36.493	183.73
1176.0	11.715	36.494	183.75
1176.9	11.719	36.496	183.76
1177.9	11.724	36.498	183.75
1178.9	11.728	36.501	183.74
1179.9	11.73	36.502	183.69
1180.9	11.733	36.503	183.61
1181.9	11.737	36.504	183.52
1182.9	11.742	36.505	183.44
1183.9	11.748	36.505	183.38
1184.8	11.755	36.507	183.34
1185.8	11.761	36.511	183.32
1186.8	11.764	36.515	183.31
1187.8	11.764	36.516	183.28
1188.8	11.765	36.517	183.24
1189.8	11.767	36.518	183.2
1190.8	11.767	36.519	183.18
1191.8	11.768	36.519	183.19
1192.7	11.768	36.519	183.23
1193.7	11.77	36.52	183.28
1194.7	11.772	36.52	183.31
1195.7	11.775	36.521	183.34
1196.7	11.781	36.522	183.35
1197.7	11.784	36.524	183.38
1198.7	11.785	36.526	183.43
1199.6	11.785	36.526	183.51
1200.6	11.785	36.526	183.59
1201.6	11.785	36.526	183.67
1202.6	11.786	36.526	183.73
1203.6	11.787	36.526	183.78
1204.6	11.788	36.526	183.82
1205.6	11.789	36.527	183.88
1206.6	11.79	36.527	183.94
1207.5	11.793	36.528	184.0
1208.5	11.797	36.53	184.05
1209.5	11.799	36.531	184.08
1210.5	11.8	36.531	184.11
1211.5	11.801	36.532	184.13
1212.5	11.802	36.532	184.16
1213.5	11.802	36.532	184.2
1214.5	11.802	36.533	184.25
1215.4	11.802	36.533	184.3
1216.4	11.803	36.533	184.33
1217.4	11.803	36.533	184.35
1218.4	11.803	36.533	184.37
1219.4	11.804	36.533	184.39
1220.4	11.804	36.533	184.41
1221.4	11.805	36.533	184.42
1222.3	11.805	36.534	184.44
1223.3	11.805	36.533	184.44
1224.3	11.805	36.533	184.44
1225.3	11.805	36.533	184.42
1226.3	11.805	36.533	184.39
1227.3	11.805	36.533	184.37
1228.3	11.805	36.533	184.36
1229.3	11.805	36.533	184.35
1230.2	11.806	36.533	184.35
1231.2	11.806	36.533	184.35
1232.2	11.806	36.533	184.35
1233.2	11.806	36.534	184.36
1234.2	11.807	36.533	184.35
1235.2	11.807	36.533	184.34
1236.2	11.807	36.533	184.34
1237.1	11.807	36.533	184.36
1238.1	11.807	36.534	184.39
1239.1	11.807	36.534	184.43
1240.1	11.807	36.534	184.47
1241.1	11.808	36.534	184.5
1242.1	11.809	36.534	184.53
1243.1	11.809	36.534	184.54
1244.1	11.81	36.534	184.56
1245.0	11.81	36.534	184.6
1246.0	11.81	36.534	184.65
1247.0	11.811	36.534	184.71
1248.0	11.812	36.535	184.75
1249.0	11.813	36.535	184.78
1250.0	11.816	36.536	184.77
1251.0	11.822	36.537	184.76
1252.0	11.828	36.54	184.74
1252.9	11.829	36.542	184.74
1253.9	11.829	36.542	184.75
1254.9	11.829	36.542	184.75
1255.9	11.83	36.543	184.74
1256.9	11.834	36.544	184.69
1257.9	11.84	36.546	184.63
1258.9	11.843	36.547	184.57
1259.8	11.843	36.549	184.52
1260.8	11.842	36.549	184.47
1261.8	11.842	36.549	184.42
1262.8	11.842	36.549	184.32
1263.8	11.843	36.549	184.18
1264.8	11.843	36.549	184.01
1265.8	11.842	36.549	183.82
1266.8	11.842	36.549	183.63
1267.7	11.843	36.549	183.42
1268.7	11.844	36.55	183.18
1269.7	11.847	36.551	182.91
1270.7	11.858	36.554	182.62
1271.7			
1272.7			
1273.7			
1274.6			
1275.6			
1276.6			
1277.6			
1278.6			
1279.6			
1280.6			
1281.5			
1282.5			
1283.5			
1284.5			
1285.5			
1286.5			
1287.5			
1288.5			
1289.4			
1290.4			
1291.4			
1292.4			
1293.4			
1294.4			
1295.4			
1296.3			
1297.3			
1298.3			
1299.3			
1300.3			
1301.3			
1302.3			
1303.3			
1304.2			
1305.2			
1306.2			
1307.2			
1308.2			
1309.2			
1310.2			
1311.1			
1312.1			
1313.1			
1314.1			
1315.1			
1316.1			
1317.1			
1318.1			
1319.0			
1320.0			
1321.0			
1322.0			
1323.0			
1324.0			
1325.0			
1325.9			
1326.9			
1327.9			
1328.9			
1329.9			
1330.9			
1331.9			
1332.8			
1333.8			
1334.8			
1335.8			
1336.8			
1337.8			
1338.8			
1339.7			
1340.7			
1341.7			
1342.7			
1343.7			
1344.7			
1345.7			
1346.7			
1347.6			
1348.6			
1349.6			
1350.6			
1351.6			
1352.6			
1353.6			
1354.5			
1355.5			
1356.5			
1357.5			
1358.5			
1359.5			
1360.5			
1361.4			
1362.4			
1363.4			
1364.4			
1365.4			
1366.4			
1367.4			
1368.4			
1369.3			
1370.3			
1371.3			
1372.3			
1373.3			
1374.3			
1375.3			
1376.2			
1377.2			
1378.2			
1379.2			
1380.2			
1381.2			
1382.2			
1383.1			
1384.1			
1385.1			
1386.1			
1387.1			
1388.1			
1389.1			
1390.0			
1391.0			
1392.0			
1393.0			
1394.0			
1395.0			
1396.0			
1396.9			
1397.9			
1398.9			
1399.9			
1400.9			
1401.9			
1402.9			
1403.8			
1404.8			
1405.8			
1406.8			
1407.8			
1408.8			
1409.8			
1410.8			
1411.7			
1412.7			
1413.7			
1414.7			
1415.7			
1416.7			
1417.7			
1418.6			
1419.6			
1420.6			
1421.6			
1422.6			
1423.6			
1424.6			
1425.5			
1426.5			
1427.5			
1428.5			
1429.5			
1430.5			
1431.5			
1432.4			
1433.4			
1434.4			
1435.4			
1436.4			
1437.4			
1438.4			
1439.3			
1440.3			
1441.3			
1442.3			
1443.3			
1444.3			
1445.3			
1446.2			
1447.2			
1448.2			
1449.2			
1450.2			
1451.2			
1452.2			
1453.1			
1454.1			
1455.1			
1456.1			
1457.1			
1458.1			
1459.1			
1460.0			
1461.0			
1462.0			
1463.0			
1464.0			
1465.0			
1466.0			
1466.9			
1467.9			
1468.9			
1469.9			
1470.9			
1471.9			
1472.9			
1473.8			
1474.8			
1475.8			
1476.8			
1477.8			
1478.8			
1479.8			
1480.7			
1481.7			
1482.7			
1483.7			
1484.7			
1485.7			
1486.7			
1487.6			
1488.6			
1489.6			
1490.6			
1491.6			
1492.6			
1493.6			
1494.5			
1495.5			
1496.5			
1497.5			
1498.5			
1499.5			
1500.5			
1501.4			
1502.4			
1503.4			
1504.4			
1505.4			
1506.4			
1507.4			
1508.3			
1509.3			
1510.3			
1511.3			
1512.3			
1513.3			
1514.3			
1515.2			
1516.2			
1517.2			
1518.2			
1519.2			
1520.2			
1521.2			
1522.1			
1523.1			
1524.1			
1525.1			
1526.1			
1527.1			
1528.0			
1529.0			
1530.0			
1531.0			
1532.0			
1533.0			
1534.0			
1534.9			
1535.9			
1536.9			
1537.9			
1538.9			
1539.9			
1540.9			
1541.8			
1542.8			
1543.8			
1544.8			
1545.8			
1546.8			
1547.8			
1548.7			
1549.7			
1550.7			
1551.7			
1552.7			
1553.7			
1554.7			
1555.6			
1556.6			
1557.6			
1558.6			
1559.6			
1560.6			
1561.6			
1562.5			
1563.5			
1564.5			
1565.5			
1566.5			
1567.5			
1568.4			
1569.4			
1570.4			
1571.4			
1572.4			
1573.4			
1574.4			
1575.3			
1576.3			
1577.3			
1578.3			
1579.3			
1580.3			
1581.3			
1582.2			
1583.2			
1584.2			
1585.2			
1586.2			
1587.2			
1588.2			
1589.1			
1590.1			
1591.1			
1592.1			
1593.1			
1594.1			
1595.0			
1596.0			
1597.0			
1598.0			
1599.0			
1600.0			
1601.0			
1601.9			
1602.9			
1603.9			
1604.9			
1605.9			
1606.9			
1607.9			
1608.8			
1609.8			
1610.8			
1611.8			
1612.8			
1613.8			
1614.7			
1615.7			
1616.7			
1617.7			
1618.7			
1619.7			
1620.7			
1621.6			
1622.6			
1623.6			
1624.6			
1625.6			
1626.6			
1627.6			
1628.5			
1629.5			
1630.5			
1631.5			
1632.5			
1633.5			
1634.4			
1635.4			
1636.4			
1637.4			
1638.4			
1639.4			
1640.4			
1641.3			
1642.3			
1643.3			
1644.3			
1645.3			
1646.3			
1647.3			
1648.2			
1649.2			
1650.2			
1651.2			
1652.2			
1653.2			
1654.1			
1655.1			
1656.1			
1657.1			
1658.1			
1659.1			
1660.1			
1661.0			
1662.0			
1663.0			
1664.0			
1665.0			
1666.0			
1666.9			
1667.9			
1668.9			
1669.9			
1670.9			
1671.9			
1672.9			
1673.8			
1674.8			
1675.8			
1676.8			
1677.8			
1678.8			
1679.7			
1680.7			
1681.7			
1682.7			
1683.7			
1684.7			
1685.7			
1686.6			
1687.6			
1688.6			
1689.6			
1690.6			
1691.6			
1692.5			
1693.5			
1694.5			
1695.5			
1696.5			
1697.5			
1698.5			
1699.4			
1700.4			
1701.4			
1702.4			
1703.4			
1704.4			
1705.3			
1706.3			
1707.3			
1708.3			
1709.3			
1710.3			
1711.3			
1712.2			
1713.2			
1714.2			
1715.2			
1716.2			
1717.2			
1718.1			
1719.1			
1720.1			
1721.1			
1722.1			
1723.1			
1724.1			
1725.0			
1726.0			
1727.0			
1728.0			
1729.0			
1730.0			
1730.9			
1731.9			
1732.9			
1733.9			
1734.9			
1735.9			
1736.9			
1737.8			
1738.8			
1739.8			
1740.8			
1741.8			
1742.8			
1743.7			
1744.7			
1745.7			
1746.7			
1747.7			
1748.7			
1749.7			
1750.6			
1751.6			
1752.6			
1753.6			
1754.6			
1755.6			
1756.5			
1757.5			
1758.5			
1759.5			
1760.5			
1761.5			
1762.4			
1763.4			
1764.4			
1765.4			
1766.4			
1767.4			
1768.4			
1769.3			
1770.3			
1771.3			
1772.3			
1773.3			
1774.3			
1775.2			
1776.2			
1777.2			
1778.2			
1779.2			
1780.2			
1781.1			
1782.1			
1783.1			
1784.1			
1785.1			
1786.1			
1787.1			
1788.0			
1789.0			
1790.0			
1791.0			
1792.0			
1793.0			
1793.9			
1794.9			
1795.9			
1796.9			
1797.9			
1798.9			
1799.8			
1800.8			
1801.8			
1802.8			
1803.8			
1804.8			
1805.8			
1806.7			
1807.7			
1808.7			
1809.7			
1810.7			
1811.7			
1812.6			
1813.6			
1814.6			
1815.6			
1816.6			
1817.6			
1818.5			
1819.5			
1820.5			
1821.5			
1822.5			
1823.5			
1824.5			
1825.4			
1826.4			
1827.4			
1828.4			
1829.4			
1830.4			
1831.3			
1832.3			
1833.3			
1834.3			
1835.3			
1836.3			
1837.2			
1838.2			
1839.2			
1840.2			
1841.2			
1842.2			
1843.1			
1844.1			
1845.1			
1846.1			
1847.1			
1848.1			
1849.1			
1850.0			
1851.0			
1852.0			
1853.0			
1854.0			
1855.0			
1855.9			
1856.9			
1857.9			
1858.9			
1859.9			
1860.9			
1861.8			
1862.8			
1863.8			
1864.8			
1865.8			
1866.8			
1867.7			
1868.7			
1869.7			
1870.7			
1871.7			
1872.7			
1873.6			
1874.6			
1875.6			
1876.6			
1877.6			
1878.6			
1879.6			
1880.5			
1881.5			
1882.5			
1883.5			
1884.5			
1885.5			
1886.4			
1887.4			
1888.4			
1889.4			
1890.4			
1891.4			
1892.3			
1893.3			
1894.3			
1895.3			
1896.3			
1897.3			
1898.2			
1899.2			
1900.2			
1901.2			
1902.2			
1903.2			
1904.1			
1905.1			
1906.1			
1907.1			
1908.1			
1909.1			
1910.0			
1911.0			
1912.0			
1913.0			
1914.0			
1915.0			
1915.9			
1916.9			
1917.9			
1918.9			
1919.9			
1920.9			
1921.8			
1922.8			
1923.8			
1924.8			
1925.8			
1926.8			
1927.8			
1928.7			
1929.7			
1930.7			
1931.7			
1932.7			
1933.7			
1934.6			
1935.6			
1936.6			
1937.6			
1938.6			
1939.6			
1940.5			
1941.5			
1942.5			
1943.5			
1944.5			
1945.5			
1946.4			
1947.4			
1948.4			
1949.4			
1950.4			
1951.4			
1952.3			
1953.3			
1954.3			
1955.3			
1956.3			
1957.3			
1958.2			
1959.2			
1960.2			
1961.2			
1962.2			
1963.2			
1964.1			
1965.1			
1966.1			
1967.1			
1968.1			
1969.1			
1970.0			
1971.0			
1972.0			
1973.0			
1974.0			
1975.0			
1975.9			
1976.9			
1977.9			
1978.9			
1979.9			
1980.9			
1981.8			
1982.8			
1983.8			
1984.8			
1985.8			
1986.8			
1987.7			
1988.7			
1989.7			
1990.7			
1991.7			
1992.7			
1993.6			
1994.6			
1995.6			
1996.6			
1997.6			
1998.6			
1999.5			
2000.5			
2001.5			
2002.5			
2003.5			
2004.5			
2005.4			
2006.4			
2007.4			
2008.4			
2009.4			
2010.4			
2011.3			
2012.3			
2013.3			
2014.3			
2015.3			
2016.3			
2017.2			
2018.2			
2019.2			
2020.2			
2021.2			
2022.2			
2023.1			
2024.1			
2025.1			
2026.1			
2027.1			
2028.0			
2029.0			
2030.0			
2031.0			
2032.0			
2033.0			
2033.9			
2034.9			
2035.9			
2036.9			
2037.9			
2038.9			
2039.8			
2040.8			
2041.8			
2042.8			
2043.8			
2044.8			
2045.7			
2046.7			
2047.7			
2048.7			
2049.7			
2050.7			
2051.6			
2052.6			
2053.6			
2054.6			
2055.6			
2056.6			
2057.5			
2058.5			
2059.5			
2060.5			
2061.5			
2062.5			
2063.4			
2064.4			
2065.4			
2066.4			
2067.4			
2068.4			
2069.3			
2070.3			
2071.3			
2072.3			
2073.3			
2074.3			
2075.2			
2076.2			
2077.2			
2078.2			
2079.2			
2080.1			
2081.1			
2082.1			
2083.1			
2084.1			
2085.1			
2086.0			
2087.0			
2088.0			
2089.0			
2090.0			
2091.0			
2091.9			
2092.9			
2093.9			
2094.9			
2095.9			
2096.9			
2097.8			
2098.8			
2099.8			
2100.8			
2101.8			
2102.8			
2103.7			
2104.7			
2105.7			
2106.7			
2107.7			
2108.6			
2109.6			
2110.6			
2111.6			
2112.6			
2113.6			
2114.5			
2115.5			
2116.5			
2117.5			
2118.5			
2119.5			
2120.4			
2121.4			
2122.4			
2123.4			
2124.4			
2125.4			
2126.3			
2127.3			
2128.3			
2129.3			
2130.3			
2131.2			
2132.2			
2133.2			
2134.2			
2135.2			
2136.2			
2137.1			
2138.1			
2139.1			
2140.1			
2141.1			
2142.1			
2143.0			
2144.0			
2145.0			
2146.0			
2147.0			
