Depth [m]	Temperature [degC]	Salinity [PSU]	Oxygen [umol/kg]
1.0	19.998	36.378	220.44
2.0	19.998	36.378	221.19
3.0	19.998	36.378	221.94
4.0	19.998	36.378	222.71
5.0	19.998	36.378	223.51
6.0	19.998	36.378	224.41
6.9	19.998	36.378	225.46
7.9	20.017	36.379	226.66
8.9	20.03	36.381	227.93
9.9	20.019	36.381	229.19
10.9	20.009	36.381	230.41
11.9	19.997	36.381	231.58
12.9	19.975	36.385	232.7
13.9	19.896	36.391	233.77
14.9	19.758	36.391	234.78
15.9	19.642	36.387	235.7
16.9	19.565	36.385	236.54
17.9	19.493	36.389	237.27
18.9	19.363	36.384	237.92
19.9	19.209	36.363	238.52
20.8	19.153	36.341	239.13
21.8	19.149	36.332	239.78
22.8	19.144	36.332	240.48
23.8	19.129	36.334	241.22
24.8	19.089	36.342	242.01
25.8	18.983	36.362	242.82
26.8	18.776	36.388	243.67
27.8	18.442	36.411	244.55
28.8	18.023	36.413	245.43
29.8	17.732	36.385	246.28
30.8	17.622	36.359	247.06
31.8	17.555	36.352	247.76
32.8	17.482	36.355	248.35
33.7	17.393	36.356	248.85
34.7	17.314	36.347	249.23
35.7	17.278	36.336	249.5
36.7	17.255	36.332	249.64
37.7	17.225	36.335	249.67
38.7	17.167	36.34	249.59
39.7	17.085	36.342	249.41
40.7	17.011	36.337	249.14
41.7	16.945	36.332	248.81
42.7	16.85	36.332	248.41
43.7	16.737	36.327	247.93
44.7	16.66	36.312	247.37
45.7	16.618	36.301	246.74
46.7	16.583	36.298	246.04
47.6	16.533	36.298	245.29
48.6	16.481	36.293	244.51
49.6	16.439	36.288	243.68
50.6	16.392	36.285	242.83
51.6	16.336	36.28	241.95
52.6	16.281	36.272	241.06
53.6	16.247	36.264	240.16
54.6	16.224	36.258	239.26
55.6	16.203	36.255	238.36
56.6	16.176	36.255	237.46
57.6	16.139	36.253	236.56
58.6	16.104	36.25	235.64
59.6	16.064	36.247	234.71
60.5	16.024	36.241	233.8
61.5	16.004	36.234	232.89
62.5	15.994	36.231	232.01
63.5	15.975	36.23	231.16
64.5	15.954	36.228	230.36
65.5	15.942	36.225	229.62
66.5	15.936	36.223	228.96
67.5	15.93	36.222	228.37
68.5	15.923	36.221	227.85
69.5	15.917	36.221	227.42
70.5	15.91	36.22	227.06
71.5	15.903	36.219	226.75
72.5	15.897	36.218	226.49
73.4	15.89	36.217	226.26
74.4	15.878	36.217	226.05
75.4	15.862	36.216	225.84
76.4	15.843	36.214	225.63
77.4	15.821	36.211	225.4
78.4	15.8	36.207	225.15
79.4	15.774	36.204	224.9
80.4	15.736	36.201	224.63
81.4	15.703	36.194	224.34
82.4	15.682	36.188	224.02
83.4	15.664	36.185	223.68
84.4	15.629	36.182	223.31
85.4	15.583	36.175	222.91
86.3	15.541	36.168	222.48
87.3	15.502	36.162	222.02
88.3	15.465	36.155	221.52
89.3	15.439	36.147	220.99
90.3	15.417	36.141	220.41
91.3	15.395	36.137	219.77
92.3	15.374	36.132	219.07
93.3	15.342	36.129	218.3
94.3	15.295	36.122	217.44
95.3	15.264	36.114	216.51
96.3	15.253	36.109	215.53
97.3	15.239	36.107	214.51
98.3	15.206	36.103	213.46
99.2	15.163	36.095	212.41
100.2	15.142	36.088	211.37
101.2	15.133	36.086	210.35
102.2	15.12	36.083	209.39
103.2	15.109	36.082	208.51
104.2	15.103	36.081	207.76
105.2	15.091	36.08	207.16
106.2	15.069	36.079	206.71
107.2	15.045	36.077	206.39
108.2	15.017	36.073	206.19
109.2	14.998	36.067	206.07
110.2	14.99	36.064	206.02
111.2	14.984	36.062	206.03
112.1	14.978	36.061	206.08
113.1	14.97	36.06	206.14
114.1	14.96	36.059	206.19
115.1	14.947	36.058	206.23
116.1	14.925	36.056	206.23
117.1	14.897	36.053	206.21
118.1	14.873	36.048	206.15
119.1	14.857	36.043	206.08
120.1	14.843	36.04	206.0
121.1	14.823	36.038	205.91
122.1	14.8	36.035	205.81
123.1	14.776	36.032	205.71
124.0	14.753	36.028	205.64
125.0	14.733	36.025	205.59
126.0	14.712	36.021	205.57
127.0	14.694	36.017	205.58
128.0	14.683	36.013	205.62
129.0	14.675	36.011	205.69
130.0	14.654	36.011	205.8
131.0	14.603	36.01	205.97
132.0	14.547	36.0	206.2
133.0	14.522	35.989	206.48
134.0	14.509	35.985	206.8
135.0	14.485	35.984	207.16
136.0	14.453	35.979	207.55
136.9	14.436	35.972	207.97
137.9	14.43	35.97	208.39
138.9	14.425	35.968	208.8
139.9	14.422	35.967	209.2
140.9	14.42	35.967	209.57
141.9	14.417	35.966	209.89
142.9	14.414	35.966	210.15
143.9	14.412	35.966	210.38
144.9	14.409	35.965	210.56
145.9	14.401	35.965	210.68
146.9	14.384	35.965	210.73
147.9	14.358	35.962	210.7
148.8	14.336	35.958	210.58
149.8	14.32	35.954	210.38
150.8	14.301	35.952	210.1
151.8	14.266	35.95	209.77
152.8	14.225	35.945	209.37
153.8	14.195	35.938	208.9
154.8	14.176	35.936	208.36
155.8	14.162	35.935	207.76
156.8	14.15	35.934	207.13
157.8	14.141	35.933	206.5
158.8	14.133	35.932	205.89
159.8	14.125	35.931	205.33
160.8	14.118	35.93	204.79
161.7	14.111	35.929	204.29
162.7	14.106	35.928	203.84
163.7	14.102	35.927	203.46
164.7	14.097	35.926	203.16
165.7	14.089	35.926	202.93
166.7	14.079	35.924	202.75
167.7	14.072	35.922	202.6
168.7	14.067	35.921	202.48
169.7	14.059	35.921	202.37
170.7	14.05	35.92	202.27
171.7	14.044	35.919	202.21
172.7	14.035	35.918	202.17
173.6	14.022	35.917	202.16
174.6	14.008	35.915	202.13
175.6	13.993	35.913	202.08
176.6	13.978	35.912	202.02
177.6	13.963	35.91	201.98
178.6	13.946	35.908	201.94
179.6	13.924	35.907	201.91
180.6	13.894	35.904	201.89
181.6	13.864	35.899	201.87
182.6	13.84	35.894	201.82
183.6	13.821	35.89	201.74
184.6	13.806	35.887	201.64
185.5	13.797	35.884	201.55
186.5	13.791	35.883	201.48
187.5	13.788	35.882	201.44
188.5	13.786	35.881	201.4
189.5	13.783	35.881	201.36
190.5	13.78	35.881	201.31
191.5	13.773	35.881	201.24
192.5	13.756	35.881	201.15
193.5	13.73	35.881	201.09
194.5	13.708	35.876	201.07
195.5	13.695	35.871	201.08
196.5	13.682	35.869	201.08
197.5	13.668	35.867	201.06
198.4	13.654	35.865	201.01
199.4	13.637	35.863	200.93
200.4	13.626	35.86	200.86
201.4	13.622	35.858	200.81
202.4	13.621	35.857	200.8
203.4	13.617	35.858	200.81
204.4	13.6	35.859	200.81
205.4	13.57	35.857	200.79
206.4	13.545	35.853	200.76
207.4	13.529	35.848	200.73
208.4	13.515	35.847	200.71
209.4	13.495	35.845	200.71
210.3	13.477	35.842	200.7
211.3	13.46	35.839	200.67
212.3	13.446	35.837	200.6
213.3	13.436	35.835	200.51
214.3	13.431	35.833	200.41
215.3	13.43	35.832	200.32
216.3	13.429	35.831	200.23
217.3	13.428	35.832	200.14
218.3	13.425	35.831	200.05
219.3	13.422	35.831	199.97
220.3	13.419	35.831	199.91
221.3	13.416	35.83	199.88
222.2	13.414	35.83	199.88
223.2	13.413	35.829	199.87
224.2	13.411	35.83	199.83
225.2	13.4	35.83	199.79
226.2	13.382	35.829	199.73
227.2	13.363	35.827	199.67
228.2	13.347	35.824	199.59
229.2	13.334	35.82	199.51
230.2	13.324	35.819	199.4
231.2	13.311	35.818	199.28
232.2	13.295	35.817	199.14
233.2	13.285	35.814	199.05
234.1	13.28	35.812	199.03
235.1	13.276	35.811	199.05
236.1	13.274	35.81	199.1
237.1	13.271	35.81	199.15
238.1	13.266	35.81	199.21
239.1	13.259	35.81	199.31
240.1	13.253	35.808	199.43
241.1	13.25	35.807	199.55
242.1	13.249	35.807	199.67
243.1	13.246	35.807	199.77
244.1	13.237	35.807	199.81
245.0	13.22	35.807	199.83
246.0	13.197	35.807	199.85
247.0	13.158	35.805	199.88
248.0	13.119	35.798	199.91
249.0	13.099	35.791	199.93
250.0	13.086	35.788	199.91
251.0	13.071	35.787	199.87
252.0	13.057	35.785	199.83
253.0	13.045	35.784	199.83
254.0	13.029	35.782	199.85
255.0	13.015	35.779	199.89
256.0	13.006	35.777	199.91
256.9	12.993	35.776	199.91
257.9	12.982	35.774	199.88
258.9	12.976	35.772	199.85
259.9	12.973	35.772	199.83
260.9	12.97	35.771	199.85
261.9	12.968	35.771	199.88
262.9	12.966	35.771	199.92
263.9	12.963	35.77	199.93
264.9	12.957	35.77	199.92
265.9	12.945	35.771	199.89
266.9	12.927	35.77	199.87
267.9	12.911	35.767	199.85
268.8	12.897	35.765	199.85
269.8	12.883	35.763	199.83
270.8	12.87	35.761	199.79
271.8	12.86	35.759	199.72
272.8	12.855	35.757	199.63
273.8	12.853	35.756	199.53
274.8	12.852	35.756	199.44
275.8	12.851	35.756	199.37
276.8	12.851	35.756	199.32
277.8	12.848	35.756	199.25
278.8	12.841	35.756	199.17
279.7	12.833	35.755	199.09
280.7	12.827	35.754	199.02
281.7	12.819	35.754	198.97
282.7	12.812	35.752	198.94
283.7	12.807	35.751	198.93
284.7	12.804	35.751	198.91
285.7	12.801	35.75	198.88
286.7	12.798	35.75	198.84
287.7	12.792	35.75	198.8
288.7	12.784	35.75	198.79
289.7	12.773	35.749	198.8
290.7	12.764	35.747	198.8
291.6	12.758	35.745	198.8
292.6	12.753	35.745	198.77
293.6	12.747	35.745	198.74
294.6	12.736	35.745	198.72
295.6	12.72	35.744	198.71
296.6	12.701	35.742	198.71
297.6	12.683	35.739	198.7
298.6	12.669	35.737	198.67
299.6	12.653	35.736	198.62
300.6	12.633	35.734	198.55
301.6	12.617	35.732	198.48
302.5	12.606	35.729	198.41
303.5	12.6	35.727	198.35
304.5	12.597	35.726	198.28
305.5	12.593	35.726	198.2
306.5	12.588	35.726	198.12
307.5	12.583	35.725	198.03
308.5	12.577	35.725	197.95
309.5	12.567	35.725	197.86
310.5	12.556	35.724	197.79
311.5	12.549	35.722	197.71
312.5	12.545	35.721	197.65
313.5	12.538	35.721	197.59
314.4	12.532	35.719	197.54
315.4	12.526	35.719	197.49
316.4	12.514	35.718	197.43
317.4	12.504	35.716	197.38
318.4	12.5	35.714	197.35
319.4	12.495	35.714	197.34
320.4	12.489	35.713	197.37
321.4	12.483	35.713	197.43
322.4	12.474	35.712	197.51
323.4	12.461	35.712	197.61
324.4	12.451	35.71	197.71
325.3	12.447	35.708	197.81
326.3	12.44	35.709	197.91
327.3	12.423	35.709	198.03
328.3	12.411	35.707	198.16
329.3	12.407	35.705	198.3
330.3	12.403	35.705	198.42
331.3	12.397	35.705	198.51
332.3	12.392	35.704	198.57
333.3	12.386	35.704	198.61
334.3	12.372	35.704	198.62
335.3	12.359	35.702	198.63
336.2	12.353	35.7	198.65
337.2	12.349	35.7	198.66
338.2	12.342	35.7	198.66
339.2	12.334	35.7	198.64
340.2	12.326	35.699	198.61
341.2	12.322	35.698	198.58
342.2	12.317	35.697	198.55
343.2	12.31	35.697	198.53
344.2	12.303	35.696	198.53
345.2	12.297	35.695	198.54
346.2	12.289	35.694	198.55
347.1	12.279	35.693	198.56
348.1	12.268	35.692	198.57
349.1	12.259	35.691	198.58
350.1	12.251	35.69	198.6
351.1	12.247	35.689	198.6
352.1	12.245	35.688	198.61
353.1	12.243	35.688	198.6
354.1	12.24	35.688	198.58
355.1	12.234	35.688	198.55
356.1	12.217	35.689	198.51
357.1	12.187	35.688	198.46
358.0	12.162	35.683	198.42
359.0	12.145	35.679	198.37
360.0	12.133	35.677	198.31
361.0	12.126	35.675	198.24
362.0	12.121	35.675	198.18
363.0	12.113	35.675	198.11
364.0	12.103	35.674	198.05
365.0	12.097	35.673	197.97
366.0	12.093	35.671	197.9
367.0	12.092	35.671	197.81
368.0	12.088	35.672	197.72
368.9	12.079	35.672	197.62
369.9	12.065	35.671	197.51
370.9	12.051	35.669	197.41
371.9	12.043	35.667	197.31
372.9	12.037	35.666	197.23
373.9	12.032	35.666	197.14
374.9	12.024	35.666	197.06
375.9	12.007	35.666	196.98
376.9	11.986	35.664	196.89
377.9	11.975	35.661	196.79
378.9	11.969	35.66	196.68
379.8	11.964	35.659	196.56
380.8	11.96	35.659	196.44
381.8	11.959	35.658	196.31
382.8	11.957	35.659	196.17
383.8	11.953	35.659	196.02
384.8	11.948	35.658	195.87
385.8	11.943	35.658	195.71
386.8	11.938	35.657	195.54
387.8	11.93	35.657	195.37
388.8	11.922	35.655	195.2
389.8	11.917	35.654	195.05
390.7	11.914	35.653	194.91
391.7	11.912	35.653	194.78
392.7	11.908	35.653	194.65
393.7	11.904	35.653	194.52
394.7	11.898	35.653	194.38
395.7	11.893	35.653	194.23
396.7	11.888	35.652	194.09
397.7	11.886	35.652	193.98
398.7	11.886	35.651	193.88
399.7	11.886	35.651	193.81
400.7	11.885	35.652	193.75
401.6	11.882	35.652	193.68
402.6	11.876	35.652	193.61
403.6	11.869	35.652	193.54
404.6	11.862	35.652	193.49
405.6	11.858	35.651	193.47
406.6	11.855	35.651	193.47
407.6	11.853	35.651	193.47
408.6	11.852	35.651	193.47
409.6	11.85	35.651	193.45
410.6	11.845	35.651	193.42
411.6	11.84	35.651	193.38
412.5	11.836	35.65	193.36
413.5	11.83	35.65	193.36
414.5	11.824	35.65	193.36
415.5	11.816	35.65	193.34
416.5	11.803	35.649	193.29
417.5	11.789	35.648	193.22
418.5	11.777	35.647	193.14
419.5	11.763	35.646	193.05
420.5	11.748	35.646	192.96
421.5	11.737	35.644	192.88
422.5	11.729	35.643	192.79
423.4	11.725	35.642	192.7
424.4	11.723	35.641	192.6
425.4	11.723	35.64	192.5
426.4	11.723	35.64	192.39
427.4	11.722	35.641	192.31
428.4	11.719	35.641	192.26
429.4	11.715	35.641	192.22
430.4	11.711	35.641	192.2
431.4	11.709	35.641	192.19
432.4	11.707	35.641	192.18
433.3	11.704	35.641	192.17
434.3	11.699	35.64	192.14
435.3	11.694	35.64	192.09
436.3	11.688	35.64	192.05
437.3	11.681	35.64	192.01
438.3	11.674	35.639	191.97
439.3	11.669	35.638	191.92
440.3	11.666	35.638	191.87
441.3	11.663	35.638	191.81
442.3	11.657	35.638	191.74
443.3	11.65	35.638	191.67
444.2	11.644	35.637	191.6
445.2	11.641	35.637	191.55
446.2	11.638	35.636	191.52
447.2	11.635	35.636	191.51
448.2	11.631	35.636	191.5
449.2	11.628	35.636	191.47
450.2	11.625	35.635	191.44
451.2	11.624	35.635	191.4
452.2	11.62	35.635	191.35
453.2	11.612	35.636	191.31
454.2	11.598	35.636	191.28
455.1	11.585	35.635	191.26
456.1	11.577	35.634	191.26
457.1	11.57	35.633	191.24
458.1	11.562	35.632	191.21
459.1	11.557	35.631	191.18
460.1	11.555	35.631	191.15
461.1	11.553	35.63	191.13
462.1	11.553	35.63	191.12
463.1	11.551	35.631	191.12
464.1	11.543	35.631	191.11
465.0	11.531	35.63	191.09
466.0	11.523	35.629	191.05
467.0	11.518	35.628	190.98
468.0	11.515	35.628	190.91
469.0	11.513	35.628	190.85
470.0	11.508	35.63	190.79
471.0	11.498	35.631	190.74
472.0	11.488	35.63	190.69
473.0	11.481	35.628	190.64
474.0	11.478	35.627	190.58
475.0	11.475	35.627	190.52
475.9	11.472	35.626	190.46
476.9	11.469	35.626	190.4
477.9	11.466	35.627	190.34
478.9	11.463	35.627	190.29
479.9	11.462	35.627	190.25
480.9	11.46	35.628	190.21
481.9	11.459	35.628	190.16
482.9	11.458	35.628	190.11
483.9	11.457	35.629	190.04
484.9	11.455	35.629	189.98
485.8	11.45	35.631	189.92
486.8	11.441	35.633	189.88
487.8	11.432	35.633	189.86
488.8	11.425	35.633	189.85
489.8	11.42	35.633	189.82
490.8	11.412	35.634	189.78
491.8	11.402	35.636	189.71
492.8	11.394	35.636	189.63
493.8	11.389	35.637	189.56
494.8	11.386	35.636	189.5
495.7	11.384	35.636	189.44
496.7	11.38	35.636	189.38
497.7	11.377	35.635	189.3
498.7	11.376	35.635	189.21
499.7	11.371	35.635	189.12
500.7	11.356	35.637	189.04
501.7	11.34	35.636	188.98
502.7	11.332	35.635	188.96
503.7	11.328	35.634	188.94
504.7	11.325	35.633	188.93
505.7	11.324	35.633	188.9
506.6	11.323	35.633	188.86
507.6	11.323	35.633	188.81
508.6	11.322	35.633	188.75
509.6	11.322	35.634	188.7
510.6	11.319	35.634	188.65
511.6	11.312	35.635	188.59
512.6	11.307	35.635	188.52
513.6	11.304	35.635	188.41
514.6	11.301	35.635	188.28
515.6	11.297	35.636	188.14
516.5	11.292	35.637	188.0
517.5	11.288	35.637	187.88
518.5	11.282	35.638	187.78
519.5	11.273	35.639	187.68
520.5	11.267	35.639	187.59
521.5	11.263	35.638	187.49
522.5	11.26	35.638	187.36
523.5	11.258	35.638	187.23
524.5	11.255	35.638	187.1
525.5	11.253	35.639	187.0
526.4	11.251	35.639	186.92
527.4	11.247	35.639	186.85
528.4	11.245	35.639	186.78
529.4	11.243	35.639	186.71
530.4	11.241	35.639	186.62
531.4	11.239	35.638	186.53
532.4	11.234	35.638	186.44
533.4	11.231	35.638	186.36
534.4	11.229	35.637	186.3
535.4	11.226	35.637	186.26
536.3	11.222	35.637	186.21
537.3	11.215	35.637	186.14
538.3	11.197	35.638	186.05
539.3	11.175	35.638	185.93
540.3	11.164	35.636	185.8
541.3	11.16	35.636	185.65
542.3	11.158	35.635	185.5
543.3	11.157	35.636	185.35
544.3	11.147	35.639	185.19
545.3	11.13	35.641	185.02
546.2	11.12	35.641	184.83
547.2	11.115	35.64	184.63
548.2	11.113	35.639	184.41
549.2	11.11	35.64	184.18
550.2	11.106	35.64	183.96
551.2	11.101	35.641	183.75
552.2	11.091	35.641	183.55
553.2	11.077	35.644	183.34
554.2	11.069	35.647	183.11
555.2	11.066	35.651	182.89
556.1	11.066	35.654	182.66
557.1	11.067	35.656	182.44
558.1	11.069	35.657	182.23
559.1	11.068	35.657	182.04
560.1	11.066	35.658	181.85
561.1	11.063	35.658	181.67
562.1	11.059	35.658	181.5
563.1	11.052	35.658	181.32
564.1	11.044	35.661	181.15
565.1	11.033	35.665	180.99
566.0	11.019	35.667	180.83
567.0	11.006	35.667	180.68
568.0	10.999	35.666	180.53
569.0	11.001	35.667	180.38
570.0	11.003	35.669	180.24
571.0	11.004	35.669	180.1
572.0	11.005	35.67	179.97
573.0	11.005	35.67	179.84
574.0	11.005	35.67	179.73
575.0	11.005	35.67	179.64
575.9	11.007	35.671	179.57
576.9	11.013	35.673	179.49
577.9	11.018	35.677	179.41
578.9	11.017	35.68	179.33
579.9	11.013	35.681	179.25
580.9	11.006	35.681	179.17
581.9	11.0	35.68	179.07
582.9	10.997	35.679	178.97
583.9	10.994	35.678	178.86
584.9	10.989	35.679	178.74
585.8	10.982	35.68	178.6
586.8	10.975	35.681	178.45
587.8	10.974	35.683	178.31
588.8	10.977	35.685	178.17
589.8	10.981	35.687	178.03
590.8	10.984	35.688	177.9
591.8	10.987	35.689	177.78
592.8	10.99	35.69	177.68
593.8	10.992	35.691	177.61
594.8	10.997	35.692	177.55
595.7	11.014	35.693	177.51
596.7	11.045	35.701	177.48
597.7	11.07	35.712	177.48
598.7	11.082	35.719	177.5
599.7	11.094	35.722	177.52
600.7	11.122	35.728	177.56
601.7	11.148	35.739	177.62
602.7	11.153	35.747	177.68
603.7	11.149	35.75	177.74
604.7	11.147	35.75	177.8
605.6	11.147	35.75	177.86
606.6	11.15	35.751	177.92
607.6	11.151	35.752	177.98
608.6	11.15	35.753	178.05
609.6	11.146	35.755	178.11
610.6	11.136	35.757	178.18
611.6	11.124	35.758	178.24
612.6	11.112	35.757	178.3
613.6	11.106	35.758	178.36
614.5	11.113	35.763	178.43
615.5	11.133	35.771	178.53
616.5	11.157	35.781	178.64
617.5	11.176	35.79	178.77
618.5	11.194	35.797	178.91
619.5	11.209	35.804	179.04
620.5	11.22	35.809	179.18
621.5	11.23	35.814	179.32
622.5	11.238	35.817	179.46
623.5	11.244	35.82	179.61
624.4	11.249	35.822	179.75
625.4	11.25	35.823	179.87
626.4	11.25	35.824	179.97
627.4	11.251	35.824	180.05
628.4	11.253	35.824	180.1
629.4	11.256	35.825	180.15
630.4	11.258	35.826	180.18
631.4	11.259	35.827	180.2
632.4	11.26	35.827	180.22
633.4	11.261	35.828	180.25
634.3	11.264	35.829	180.27
635.3	11.265	35.831	180.31
636.3	11.266	35.833	180.37
637.3	11.269	35.834	180.45
638.3	11.276	35.837	180.55
639.3	11.284	35.843	180.65
640.3	11.288	35.847	180.78
641.3	11.288	35.849	180.92
642.3	11.289	35.85	181.09
643.3	11.288	35.852	181.26
644.2	11.287	35.853	181.44
645.2	11.283	35.853	181.6
646.2	11.274	35.854	181.76
647.2	11.262	35.853	181.89
648.2	11.25	35.852	182.01
649.2	11.236	35.851	182.1
650.2	11.225	35.85	182.17
651.2	11.218	35.849	182.21
652.2	11.211	35.848	182.23
653.1	11.206	35.847	182.23
654.1	11.199	35.847	182.2
655.1	11.191	35.846	182.16
656.1	11.18	35.845	182.12
657.1	11.169	35.843	182.06
658.1	11.166	35.842	182.0
659.1	11.179	35.846	181.95
660.1	11.196	35.853	181.89
661.1	11.204	35.859	181.85
662.1	11.207	35.862	181.82
663.0	11.208	35.863	181.8
664.0	11.215	35.865	181.8
665.0	11.23	35.87	181.8
666.0	11.248	35.879	181.81
667.0	11.268	35.885	181.83
668.0	11.289	35.894	181.86
669.0	11.301	35.902	181.91
670.0	11.312	35.906	181.98
671.0	11.33	35.911	182.08
671.9	11.352	35.917	182.19
672.9	11.367	35.924	182.31
673.9	11.376	35.928	182.46
674.9	11.397	35.926	182.63
675.9	11.482	35.945	182.81
676.9	11.549	35.976	183.02
677.9	11.559	35.988	183.26
678.9	11.558	35.991	183.5
679.9	11.557	35.991	183.75
680.9	11.557	35.991	183.99
681.8	11.565	35.991	184.22
682.8	11.579	35.996	184.43
683.8	11.585	36.002	184.63
684.8	11.584	36.005	184.81
685.8	11.581	36.006	184.97
686.8	11.581	36.006	185.1
687.8	11.585	36.007	185.2
688.8	11.595	36.01	185.27
689.8	11.61	36.014	185.33
690.7	11.625	36.021	185.38
691.7	11.637	36.025	185.42
692.7	11.644	36.028	185.47
693.7	11.653	36.033	185.52
694.7	11.664	36.038	185.58
695.7	11.679	36.043	185.64
696.7	11.691	36.049	185.73
697.7	11.703	36.052	185.83
698.7	11.724	36.057	185.96
699.6	11.741	36.065	186.12
700.6	11.75	36.07	186.29
701.6	11.771	36.072	186.47
702.6	11.8	36.081	186.66
703.6	11.82	36.094	186.84
704.6	11.825	36.098	187.02
705.6	11.831	36.099	187.18
706.6	11.839	36.101	187.33
707.6	11.845	36.103	187.47
708.6	11.847	36.105	187.59
709.5	11.848	36.106	187.69
710.5	11.846	36.107	187.77
711.5	11.841	36.107	187.83
712.5	11.843	36.106	187.87
713.5	11.849	36.106	187.9
714.5	11.861	36.108	187.92
715.5	11.876	36.112	187.95
716.5	11.883	36.116	187.99
717.5	11.887	36.118	188.04
718.4	11.893	36.119	188.1
719.4	11.897	36.122	188.16
720.4	11.901	36.123	188.22
721.4	11.905	36.124	188.26
722.4	11.908	36.126	188.31
723.4	11.911	36.127	188.36
724.4	11.918	36.129	188.42
725.4	11.926	36.131	188.49
726.4	11.934	36.133	188.55
727.3	11.951	36.136	188.6
728.3	11.965	36.143	188.64
729.3	11.972	36.148	188.68
730.3	11.98	36.152	188.71
731.3	11.989	36.157	188.76
732.3	11.994	36.161	188.84
733.3	11.999	36.163	188.95
734.3	12.004	36.165	189.07
735.3	12.011	36.168	189.2
736.3	12.02	36.171	189.36
737.2	12.028	36.173	189.55
738.2	12.036	36.175	189.74
739.2	12.048	36.177	189.93
740.2	12.058	36.183	190.11
741.2	12.059	36.188	190.24
742.2	12.055	36.189	190.32
743.2	12.055	36.189	190.32
744.2	12.013	36.19	190.24
745.2	11.789	36.172	190.07
746.1	11.478	36.112	189.8
747.1	11.338	36.054	189.41
748.1	11.279	36.029	188.91
749.1	11.229	36.011	188.32
750.1	11.186	35.999	187.68
751.1	11.161	35.994	187.01
752.1	11.144	35.991	186.34
753.1	11.131	35.988	185.68
754.1	11.124	35.986	185.06
755.0	11.117	35.985	184.49
756.0	11.112	35.985	183.96
757.0	11.109	35.985	183.49
758.0	11.106	35.985	183.1
759.0	11.105	35.985	182.77
760.0	11.104	35.985	182.51
761.0	11.104	35.985	182.29
762.0	11.103	35.985	182.11
763.0	11.102	35.985	181.95
763.9	11.1	35.985	181.81
764.9	11.098	35.985	181.69
765.9	11.094	35.985	181.58
766.9	11.089	35.984	181.48
767.9	11.084	35.985	181.41
768.9	11.075	35.986	181.37
769.9	11.066	35.986	181.35
770.9	11.06	35.986	181.35
771.9	11.053	35.986	181.36
772.8	11.045	35.986	181.37
773.8	11.041	35.985	181.4
774.8	11.038	35.985	181.43
775.8	11.029	35.986	181.46
776.8	11.018	35.986	181.49
777.8	11.013	35.984	181.51
778.8	11.002	35.984	181.49
779.8	10.983	35.984	181.44
780.8	10.954	35.979	181.36
781.7	10.936	35.975	181.26
782.7	10.923	35.972	181.14
783.7	10.913	35.97	181.0
784.7	10.908	35.968	180.84
785.7	10.913	35.969	180.67
786.7	10.915	35.97	180.49
787.7	10.914	35.971	180.31
788.7	10.908	35.973	180.13
789.7	10.903	35.972	179.97
790.6	10.898	35.971	179.81
791.6	10.874	35.971	179.66
792.6	10.834	35.965	179.5
793.6	10.805	35.954	179.35
794.6	10.783	35.953	179.22
795.6	10.759	35.949	179.09
796.6	10.746	35.941	178.97
797.6	10.755	35.937	178.85
798.6	10.759	35.939	178.73
799.5	10.751	35.942	178.6
800.5	10.727	35.937	178.48
801.5	10.718	35.935	178.39
802.5	10.698	35.935	178.34
803.5	10.681	35.931	178.31
804.5	10.674	35.927	178.3
805.5	10.671	35.925	178.3
806.5	10.673	35.925	178.31
807.5	10.673	35.927	178.33
808.4	10.672	35.927	178.35
809.4	10.675	35.927	178.39
810.4	10.69	35.93	178.44
811.4	10.689	35.935	178.49
812.4	10.672	35.937	178.53
813.4	10.666	35.933	178.55
814.4	10.667	35.932	178.55
815.4	10.672	35.933	178.54
816.4	10.688	35.938	178.52
817.3	10.706	35.947	178.5
818.3	10.713	35.954	178.49
819.3	10.716	35.956	178.5
820.3	10.717	35.959	178.52
821.3	10.716	35.96	178.53
822.3	10.717	35.961	178.53
823.3	10.72	35.961	178.53
824.3	10.725	35.962	178.53
825.3	10.745	35.965	178.56
826.2	10.763	35.973	178.6
827.2	10.77	35.98	178.66
828.2	10.777	35.982	178.73
829.2	10.792	35.984	178.8
830.2	10.822	35.991	178.86
831.2	10.838	36.001	178.93
832.2	10.842	36.004	179.04
833.2	10.843	36.006	179.17
834.2	10.841	36.006	179.33
835.1	10.846	36.006	179.49
836.1	10.873	36.011	179.65
837.1	10.925	36.021	179.82
838.1	10.972	36.035	179.98
839.1	10.982	36.043	180.12
840.1	10.986	36.045	180.25
841.1	10.994	36.048	180.36
842.1	10.998	36.049	180.44
843.1	10.983	36.054	180.48
844.0	10.943	36.052	180.49
845.0	10.92	36.041	180.48
846.0	10.903	36.034	180.45
847.0	10.89	36.031	180.4
848.0	10.873	36.028	180.35
849.0	10.881	36.026	180.28
850.0	10.906	36.028	180.24
851.0	10.928	36.041	180.23
852.0	10.948	36.049	180.23
852.9	10.962	36.056	180.26
853.9	10.964	36.062	180.29
854.9	10.955	36.061	180.33
855.9	10.947	36.058	180.35
856.9	10.945	36.056	180.37
857.9	10.943	36.056	180.36
858.9	10.929	36.058	180.34
859.9	10.882	36.055	180.31
860.8	10.856	36.043	180.24
861.8	10.85	36.036	180.14
862.8	10.851	36.035	180.01
863.8	10.85	36.035	179.87
864.8	10.842	36.035	179.71
865.8	10.84	36.032	179.55
866.8	10.851	36.034	179.38
867.8	10.858	36.04	179.23
868.8	10.858	36.043	179.09
869.7	10.867	36.043	178.95
870.7	10.889	36.047	178.83
871.7	10.875	36.055	178.72
872.7	10.853	36.053	178.63
873.7	10.857	36.049	178.56
874.7	10.869	36.049	178.5
875.7	10.915	36.052	178.47
876.7	10.983	36.071	178.48
877.7	11.023	36.092	178.52
878.6	11.044	36.095	178.6
879.6	11.041	36.1	178.72
880.6	11.065	36.104	178.86
881.6	11.172	36.125	179.02
882.6	11.182	36.138	179.21
883.6	11.171	36.141	179.43
884.6	11.174	36.138	179.68
885.6	11.183	36.139	179.94
886.5	11.197	36.144	180.18
887.5	11.206	36.148	180.4
888.5	11.207	36.149	180.57
889.5	11.211	36.15	180.7
890.5	11.216	36.151	180.79
891.5	11.219	36.154	180.86
892.5	11.218	36.156	180.9
893.5	11.215	36.157	180.89
894.5	11.211	36.157	180.82
895.4	11.206	36.156	180.71
896.4	11.2	36.154	180.57
897.4	11.198	36.152	180.43
898.4	11.198	36.152	180.3
899.4	11.201	36.153	180.21
900.4	11.205	36.153	180.15
901.4	11.21	36.156	180.1
902.4	11.21	36.156	180.07
903.4	11.218	36.157	180.06
904.3	11.23	36.16	180.06
905.3	11.239	36.161	180.09
906.3	11.25	36.164	180.12
907.3	11.226	36.172	180.17
908.3	11.191	36.165	180.22
909.3	11.177	36.155	180.27
910.3	11.176	36.152	180.29
911.3	11.169	36.153	180.29
912.2	11.155	36.151	180.26
913.2	11.149	36.149	180.21
914.2	11.152	36.149	180.15
915.2	11.157	36.154	180.09
916.2	11.16	36.157	180.04
917.2	11.16	36.158	180.01
918.2	11.16	36.158	179.98
919.2	11.16	36.158	179.93
920.2	11.162	36.158	179.87
921.1	11.166	36.159	179.82
922.1	11.171	36.16	179.77
923.1	11.178	36.163	179.75
924.1	11.186	36.167	179.75
925.1	11.194	36.174	179.77
926.1	11.199	36.176	179.78
927.1	11.204	36.177	179.79
928.1	11.218	36.179	179.79
929.0	11.236	36.186	179.81
930.0	11.248	36.191	179.85
931.0	11.259	36.196	179.91
932.0	11.262	36.2	179.98
933.0	11.263	36.2	180.04
934.0	11.265	36.2	180.1
935.0	11.268	36.2	180.15
936.0	11.272	36.202	180.2
937.0	11.275	36.205	180.25
937.9	11.28	36.205	180.31
938.9	11.291	36.208	180.36
939.9	11.301	36.213	180.39
940.9	11.306	36.216	180.4
941.9	11.312	36.217	180.41
942.9	11.323	36.219	180.43
943.9	11.335	36.225	180.46
944.9	11.339	36.23	180.5
945.8	11.338	36.232	180.56
946.8	11.335	36.232	180.61
947.8	11.334	36.232	180.65
948.8	11.335	36.233	180.7
949.8	11.334	36.234	180.75
950.8	11.328	36.235	180.83
951.8	11.322	36.234	180.93
952.8	11.322	36.233	181.03
953.8	11.323	36.233	181.12
954.7	11.325	36.234	181.2
955.7	11.322	36.235	181.26
956.7	11.315	36.235	181.31
957.7	11.315	36.233	181.37
958.7	11.328	36.233	181.45
959.7	11.346	36.238	181.52
960.7	11.36	36.245	181.6
961.7	11.365	36.248	181.67
962.6	11.363	36.251	181.74
963.6	11.355	36.25	181.79
964.6	11.35	36.247	181.84
965.6	11.347	36.246	181.89
966.6	11.343	36.246	181.93
967.6	11.342	36.245	181.98
968.6	11.345	36.246	182.02
969.6	11.347	36.247	182.05
970.5	11.349	36.247	182.07
971.5	11.355	36.25	182.09
972.5	11.364	36.252	182.09
973.5	11.371	36.254	182.08
974.5	11.376	36.257	182.07
975.5	11.374	36.258	182.07
976.5	11.372	36.258	182.09
977.5	11.374	36.259	182.13
978.5	11.375	36.26	182.17
979.4	11.369	36.26	182.21
980.4	11.363	36.259	182.25
981.4	11.364	36.258	182.28
982.4	11.374	36.259	182.32
983.4	11.385	36.263	182.38
984.4	11.393	36.268	182.44
985.4	11.398	36.272	182.51
986.4	11.398	36.274	182.58
987.3	11.395	36.275	182.63
988.3	11.39	36.275	182.66
989.3	11.383	36.275	182.68
990.3	11.372	36.274	182.69
991.3	11.355	36.273	182.71
992.3	11.338	36.27	182.73
993.3	11.327	36.267	182.75
994.3	11.306	36.265	182.75
995.2	11.282	36.26	182.73
996.2	11.277	36.257	182.71
997.2	11.285	36.258	182.67
998.2	11.295	36.263	182.64
999.2	11.299	36.268	182.62
1000.2	11.295	36.268	182.59
1001.2	11.294	36.267	182.56
1002.2	11.293	36.267	182.53
1003.2	11.293	36.266	182.49
1004.1	11.291	36.266	182.45
1005.1	11.287	36.266	182.41
1006.1	11.282	36.265	182.38
1007.1	11.278	36.263	182.36
1008.1	11.277	36.263	182.32
1009.1	11.278	36.263	182.28
1010.1	11.279	36.264	182.23
1011.1	11.284	36.266	182.18
1012.0	11.289	36.27	182.13
1013.0	11.29	36.271	182.09
1014.0	11.289	36.272	182.05
1015.0	11.289	36.272	181.99
1016.0	11.292	36.272	181.92
1017.0	11.299	36.274	181.84
1018.0	11.308	36.278	181.75
1019.0	11.314	36.282	181.68
1019.9	11.322	36.284	181.63
1020.9	11.327	36.289	181.59
1021.9	11.327	36.29	181.55
1022.9	11.328	36.29	181.51
1023.9	11.33	36.29	181.46
1024.9	11.332	36.29	181.41
1025.9	11.334	36.291	181.38
1026.9	11.339	36.292	181.38
1027.8	11.347	36.294	181.4
1028.8	11.355	36.297	181.43
1029.8	11.361	36.3	181.45
1030.8	11.364	36.303	181.45
1031.8	11.366	36.303	181.42
1032.8	11.378	36.304	181.38
1033.8	11.41	36.308	181.33
1034.8	11.433	36.319	181.31
1035.7	11.42	36.325	181.29
1036.7	11.397	36.323	181.28
1037.7	11.368	36.315	181.25
1038.7	11.352	36.308	181.2
1039.7	11.36	36.303	181.16
1040.7	11.389	36.305	181.12
1041.7	11.441	36.317	181.11
1042.7	11.48	36.332	181.15
1043.7	11.512	36.345	181.21
1044.6	11.533	36.354	181.29
1045.6	11.529	36.36	181.37
1046.6	11.513	36.36	181.44
1047.6	11.498	36.355	181.51
1048.6	11.498	36.353	181.58
1049.6	11.51	36.352	181.67
1050.6	11.536	36.357	181.76
1051.6	11.553	36.369	181.86
1052.5	11.547	36.375	181.94
1053.5	11.538	36.373	182.01
1054.5	11.527	36.371	182.05
1055.5	11.521	36.369	182.08
1056.5	11.525	36.368	182.11
1057.5	11.521	36.37	182.15
1058.5	11.506	36.37	182.19
1059.5	11.497	36.366	182.22
1060.4	11.5	36.365	182.24
1061.4	11.504	36.368	182.24
1062.4	11.504	36.37	182.23
1063.4	11.502	36.371	182.22
1064.4	11.5	36.371	182.21
1065.4	11.499	36.371	182.2
1066.4	11.502	36.372	182.19
1067.4	11.505	36.373	182.19
1068.3	11.504	36.375	182.17
1069.3	11.497	36.376	182.15
1070.3	11.486	36.373	182.12
1071.3	11.475	36.37	182.12
1072.3	11.466	36.368	182.12
1073.3	11.461	36.366	182.15
1074.3	11.476	36.365	182.17
1075.3	11.495	36.374	182.2
1076.2	11.495	36.38	182.22
1077.2	11.489	36.379	182.23
1078.2	11.486	36.378	182.25
1079.2	11.48	36.378	182.29
1080.2	11.474	36.377	182.34
1081.2	11.46	36.377	182.41
1082.2	11.45	36.375	182.48
1083.2	11.453	36.372	182.55
1084.1	11.466	36.374	182.61
1085.1	11.475	36.378	182.67
1086.1	11.473	36.379	182.74
1087.1	11.466	36.379	182.81
1088.1	11.436	36.373	182.89
1089.1	11.374	36.359	182.98
1090.1	11.362	36.353	183.05
1091.1	11.356	36.353	183.1
1092.0	11.327	36.348	183.13
1093.0	11.292	36.341	183.14
1094.0	11.276	36.334	183.12
1095.0	11.248	36.33	183.1
1096.0	11.225	36.323	183.06
1097.0	11.218	36.318	183.02
1098.0	11.216	36.317	182.98
1099.0	11.214	36.317	182.92
1099.9	11.213	36.317	182.87
1100.9	11.212	36.317	182.81
1101.9	11.207	36.317	182.77
1102.9	11.204	36.315	182.74
1103.9	11.202	36.315	182.73
1104.9	11.2	36.315	182.75
1105.9	11.199	36.314	182.78
1106.9	11.202	36.314	182.83
1107.8	11.207	36.316	182.88
1108.8	11.217	36.318	182.94
1109.8	11.229	36.322	183.01
1110.8	11.239	36.326	183.08
1111.8	11.248	36.329	183.15
1112.8	11.255	36.332	183.22
1113.8	11.257	36.334	183.28
1114.8	11.259	36.335	183.33
1115.7	11.257	36.336	183.38
1116.7	11.246	36.336	183.41
1117.7	11.24	36.334	183.44
1118.7	11.242	36.333	183.44
1119.7	11.243	36.335	183.44
1120.7	11.238	36.335	183.44
1121.7	11.229	36.334	183.43
1122.7	11.219	36.331	183.41
1123.6	11.211	36.329	183.38
1124.6	11.207	36.328	183.34
1125.6	11.206	36.326	183.28
1126.6	11.21	36.326	183.22
1127.6	11.214	36.328	183.16
1128.6	11.215	36.33	183.11
1129.6	11.209	36.331	183.06
1130.5	11.205	36.33	183.02
1131.5	11.204	36.329	182.97
1132.5	11.206	36.329	182.92
1133.5	11.209	36.331	182.88
1134.5	11.21	36.333	182.86
1135.5	11.21	36.334	182.87
1136.5	11.21	36.335	182.88
1137.5	11.212	36.335	182.9
1138.4	11.214	36.335	182.91
1139.4	11.216	36.336	182.92
1140.4	11.218	36.337	182.93
1141.4	11.22	36.338	182.96
1142.4	11.221	36.338	182.99
1143.4	11.224	36.339	183.03
1144.4	11.226	36.34	183.05
1145.4	11.229	36.342	183.05
1146.3	11.231	36.343	183.05
1147.3	11.232	36.344	183.04
1148.3	11.233	36.345	183.04
1149.3	11.234	36.345	183.05
1150.3	11.235	36.346	183.07
1151.3	11.235	36.346	183.08
1152.3	11.235	36.346	183.08
1153.3	11.235	36.346	183.07
1154.2	11.234	36.346	183.07
1155.2	11.234	36.347	183.08
1156.2	11.233	36.347	183.1
1157.2	11.233	36.347	183.12
1158.2	11.233	36.347	183.13
1159.2	11.233	36.347	183.13
1160.2	11.234	36.347	183.13
1161.2	11.236	36.347	183.11
1162.1	11.239	36.348	183.09
1163.1	11.241	36.349	183.06
1164.1	11.242	36.35	183.03
1165.1	11.243	36.35	182.98
1166.1	11.246	36.35	182.92
1167.1	11.248	36.351	182.87
1168.1	11.251	36.352	182.82
1169.1	11.254	36.353	182.79
1170.0	11.258	36.354	182.75
1171.0	11.262	36.355	182.72
1172.0	11.267	36.357	182.69
1173.0	11.272	36.358	182.67
1174.0	11.278	36.359	182.68
1175.0	11.283	36.361	182.72
1176.0	11.287	36.363	182.78
1176.9	11.292	36.365	182.86
1177.9	11.301	36.367	182.94
1178.9	11.312	36.369	183.01
1179.9	11.331	36.371	183.09
1180.9	11.356	36.378	183.17
1181.9	11.371	36.388	183.28
1182.9	11.368	36.392	183.39
1183.9	11.36	36.391	183.5
1184.8	11.358	36.389	183.6
1185.8	11.355	36.388	183.7
1186.8	11.351	36.388	183.79
1187.8	11.35	36.387	183.87
1188.8	11.351	36.388	183.94
1189.8	11.352	36.388	184.0
1190.8	11.355	36.389	184.07
1191.8	11.359	36.391	184.13
1192.7	11.364	36.393	184.19
1193.7	11.367	36.394	184.24
1194.7	11.365	36.395	184.29
1195.7	11.361	36.394	184.32
1196.7	11.359	36.394	184.34
1197.7	11.354	36.394	184.35
1198.7	11.348	36.392	184.38
1199.6	11.347	36.39	184.41
1200.6	11.347	36.39	184.46
1201.6	11.346	36.391	184.5
1202.6	11.344	36.39	184.54
1203.6	11.341	36.39	184.58
1204.6	11.334	36.389	184.61
1205.6	11.321	36.387	184.66
1206.6	11.314	36.385	184.73
1207.5	11.307	36.383	184.8
1208.5	11.304	36.381	184.88
1209.5	11.309	36.382	184.93
1210.5	11.316	36.385	184.97
1211.5	11.313	36.388	184.99
1212.5	11.303	36.386	185.01
1213.5	11.298	36.384	185.03
1214.5	11.295	36.383	185.06
1215.4	11.292	36.382	185.07
1216.4	11.289	36.381	185.08
1217.4	11.289	36.381	185.07
1218.4	11.29	36.382	185.04
1219.4	11.298	36.38	185.03
1220.4	11.352	36.381	185.02
1221.4	11.443	36.405	185.03
1222.3	11.467	36.426	185.06
1223.3	11.464	36.432	185.1
1224.3	11.464	36.431	185.15
1225.3	11.464	36.432	185.19
1226.3	11.461	36.435	185.23
1227.3	11.454	36.432	185.27
1228.3	11.437	36.429	185.32
1229.3	11.394	36.426	185.38
1230.2	11.345	36.419	185.44
1231.2	11.317	36.404	185.49
1232.2	11.307	36.394	185.54
1233.2	11.309	36.391	185.55
1234.2	11.305	36.391	185.54
1235.2	11.298	36.389	185.53
1236.2	11.296	36.388	185.51
1237.1	11.297	36.388	185.49
1238.1	11.298	36.388	185.47
1239.1	11.297	36.388	185.45
1240.1	11.299	36.388	185.42
1241.1	11.302	36.389	185.38
1242.1	11.306	36.39	185.35
1243.1	11.307	36.39	185.34
1244.1	11.31	36.391	185.35
1245.0	11.315	36.392	185.38
1246.0	11.318	36.394	185.42
1247.0	11.318	36.395	185.45
1248.0	11.314	36.395	185.48
1249.0	11.31	36.395	185.51
1250.0	11.308	36.394	185.55
1251.0	11.307	36.393	185.59
1252.0	11.307	36.393	185.63
1252.9	11.311	36.393	185.66
1253.9	11.32	36.395	185.67
1254.9	11.323	36.398	185.67
1255.9	11.33	36.398	185.64
1256.9	11.349	36.398	185.61
1257.9	11.36	36.404	185.6
1258.9	11.358	36.408	185.59
1259.8	11.355	36.407	185.59
1260.8	11.352	36.407	185.58
1261.8	11.347	36.406	185.56
1262.8	11.344	36.405	185.54
1263.8	11.343	36.403	185.53
1264.8	11.346	36.402	185.53
1265.8	11.349	36.404	185.54
1266.8	11.35	36.405	185.56
1267.7	11.35	36.406	185.58
1268.7	11.352	36.406	185.59
1269.7	11.355	36.406	185.58
1270.7	11.357	36.407	185.58
1271.7	11.363	36.408	185.59
1272.7	11.372	36.411	185.61
1273.7	11.375	36.414	185.61
1274.6	11.376	36.414	185.61
1275.6	11.385	36.414	185.59
1276.6	11.4	36.417	185.56
1277.6	11.411	36.422	185.52
1278.6	11.417	36.426	185.48
1279.6	11.418	36.427	185.44
1280.6	11.418	36.427	185.41
1281.5	11.417	36.427	185.37
1282.5	11.417	36.427	185.33
1283.5	11.417	36.427	185.3
1284.5	11.414	36.427	185.28
1285.5	11.412	36.427	185.27
1286.5	11.415	36.426	185.27
1287.5	11.422	36.428	185.27
1288.5	11.429	36.429	185.29
1289.4	11.438	36.43	185.33
1290.4	11.454	36.435	185.37
1291.4	11.478	36.444	185.43
1292.4	11.501	36.455	185.49
1293.4	11.518	36.46	185.54
1294.4	11.521	36.463	185.59
1295.4	11.499	36.459	185.64
1296.3	11.487	36.452	185.69
1297.3	11.485	36.449	185.75
1298.3	11.485	36.449	185.81
1299.3	11.489	36.449	185.86
1300.3	11.495	36.451	185.91
1301.3	11.496	36.453	185.95
1302.3	11.491	36.452	185.96
1303.3	11.481	36.45	185.97
1304.2	11.476	36.447	185.96
1305.2	11.482	36.446	185.96
1306.2	11.49	36.448	185.96
1307.2	11.499	36.45	185.96
1308.2	11.513	36.453	185.98
1309.2	11.517	36.459	185.99
1310.2	11.51	36.46	185.98
1311.1	11.502	36.458	185.96
1312.1	11.501	36.455	185.94
1313.1	11.501	36.456	185.93
1314.1	11.486	36.457	185.95
1315.1	11.457	36.453	186.0
1316.1	11.437	36.444	186.05
1317.1	11.428	36.438	186.09
1318.1	11.424	36.436	186.11
1319.0	11.423	36.436	186.13
1320.0	11.425	36.436	186.16
1321.0	11.426	36.437	186.21
1322.0	11.421	36.437	186.29
1323.0	11.415	36.435	186.39
1324.0	11.415	36.435	186.48
1325.0	11.416	36.435	186.55
1325.9	11.421	36.435	186.61
1326.9	11.43	36.436	186.65
1327.9	11.438	36.44	186.69
1328.9	11.44	36.442	186.73
1329.9	11.441	36.443	186.77
1330.9	11.441	36.443	186.81
1331.9	11.442	36.444	186.82
1332.8	11.444	36.444	186.81
1333.8	11.448	36.445	186.78
1334.8	11.454	36.446	186.73
1335.8	11.46	36.448	186.7
1336.8	11.473	36.449	186.67
1337.8	11.501	36.452	186.66
1338.8	11.527	36.462	186.66
1339.7	11.544	36.472	186.68
1340.7	11.557	36.478	186.69
1341.7	11.57	36.481	186.69
1342.7	11.587	36.485	186.7
1343.7	11.596	36.49	186.72
1344.7	11.6	36.493	186.76
1345.7	11.607	36.494	186.82
1346.7	11.613	36.497	186.87
1347.6	11.621	36.499	186.92
1348.6	11.631	36.502	186.96
1349.6	11.644	36.506	186.98
1350.6	11.654	36.509	187.0
1351.6	11.661	36.512	187.01
1352.6	11.666	36.515	187.04
1353.6	11.668	36.516	187.07
1354.5	11.669	36.517	187.1
1355.5	11.668	36.518	187.11
1356.5	11.668	36.517	187.11
1357.5	11.669	36.517	187.09
1358.5	11.67	36.518	187.08
1359.5	11.671	36.518	187.08
1360.5	11.671	36.518	187.09
1361.4	11.672	36.519	187.11
1362.4	11.676	36.52	187.14
1363.4	11.683	36.521	187.15
1364.4	11.691	36.523	187.17
1365.4	11.703	36.526	187.19
1366.4	11.725	36.531	187.24
1367.4	11.751	36.54	187.31
1368.4	11.764	36.546	187.4
1369.3	11.766	36.547	187.49
1370.3	11.77	36.548	187.59
1371.3	11.775	36.55	187.67
1372.3	11.785	36.552	187.75
1373.3	11.796	36.555	187.82
1374.3	11.802	36.557	187.9
1375.3	11.813	36.559	187.98
1376.2	11.821	36.562	188.05
1377.2	11.828	36.565	188.11
1378.2	11.841	36.567	188.16
1379.2	11.867	36.571	188.19
1380.2	11.904	36.58	188.21
1381.2	11.929	36.59	188.24
1382.2	11.942	36.598	188.27
1383.1	11.949	36.602	188.32
1384.1	11.954	36.604	188.37
1385.1	11.959	36.605	188.43
1386.1	11.965	36.607	188.49
1387.1	11.972	36.609	188.56
1388.1	11.979	36.612	188.64
1389.1	11.985	36.613	188.73
1390.0	11.996	36.615	188.83
1391.0	12.007	36.621	188.94
1392.0	12.003	36.625	189.04
1393.0	11.984	36.622	189.14
1394.0	11.964	36.616	189.23
1395.0	11.947	36.611	189.32
1396.0	11.94	36.609	189.41
1396.9	11.938	36.608	189.49
1397.9	11.939	36.608	189.56
1398.9	11.937	36.609	189.63
1399.9	11.931	36.609	189.68
1400.9	11.927	36.608	189.73
1401.9	11.923	36.607	189.77
1402.9	11.916	36.606	189.81
1403.8	11.911	36.605	189.84
1404.8	11.907	36.604	189.88
1405.8	11.903	36.604	189.92
1406.8	11.896	36.603	189.95
1407.8	11.892	36.602	189.98
1408.8	11.89	36.603	190.0
1409.8	11.884	36.603	190.02
1410.8	11.874	36.601	190.05
1411.7	11.867	36.599	190.08
1412.7	11.858	36.597	190.12
1413.7	11.842	36.595	190.17
1414.7	11.825	36.591	190.21
1415.7	11.809	36.586	190.24
1416.7	11.793	36.583	190.28
1417.7	11.772	36.58	190.33
1418.6	11.749	36.575	190.39
1419.6	11.739	36.57	190.45
1420.6	11.739	36.569	190.52
1421.6	11.736	36.571	190.6
1422.6	11.731	36.571	190.68
1423.6	11.726	36.57	190.76
1424.6	11.72	36.57	190.84
1425.5	11.714	36.569	190.94
1426.5	11.708	36.568	191.05
1427.5	11.702	36.567	191.17
1428.5	11.693	36.566	191.29
1429.5	11.683	36.563	191.42
1430.5	11.673	36.561	191.56
1431.5	11.668	36.559	191.71
1432.4	11.663	36.558	191.88
1433.4	11.652	36.558	192.08
1434.4	11.634	36.555	192.29
1435.4	11.616	36.551	192.52
1436.4	11.6	36.548	192.76
1437.4	11.584	36.545	193.01
1438.4	11.563	36.543	193.28
1439.3	11.518	36.541	193.55
1440.3	11.434	36.528	193.84
1441.3	11.349	36.507	194.12
1442.3	11.278	36.493	194.4
1443.3	11.181	36.479	194.66
1444.3	11.088	36.452	194.89
1445.3	11.039	36.428	195.09
1446.2	11.029	36.42	195.26
1447.2	11.022	36.419	195.42
1448.2	11.01	36.418	195.56
1449.2	10.995	36.416	195.69
1450.2	10.976	36.412	195.78
1451.2	10.952	36.407	195.86
1452.2	10.932	36.4	195.92
1453.1	10.925	36.397	195.97
1454.1	10.921	36.396	196.03
1455.1	10.914	36.395	196.1
1456.1	10.901	36.394	196.19
1457.1	10.869	36.389	196.29
1458.1	10.813	36.375	196.41
1459.1	10.75	36.361	196.54
1460.0	10.692	36.353	196.69
1461.0	10.63	36.343	196.87
1462.0	10.582	36.329	197.07
1463.0	10.537	36.32	197.29
1464.0	10.458	36.31	197.51
1465.0	10.365	36.294	197.75
1466.0	10.291	36.274	197.99
1466.9	10.252	36.258	198.24
1467.9	10.219	36.251	198.49
1468.9	10.158	36.243	198.74
1469.9	10.07	36.228	199.0
1470.9	9.949	36.204	199.26
1471.9	9.848	36.177	199.52
1472.9	9.81	36.163	199.77
1473.8	9.773	36.158	200.03
1474.8	9.715	36.149	200.29
1475.8	9.668	36.135	200.56
1476.8	9.647	36.124	200.82
1477.8	9.616	36.12	201.07
1478.8	9.545	36.111	201.32
1479.8	9.447	36.092	201.56
1480.7	9.352	36.07	201.77
1481.7	9.301	36.055	201.97
1482.7	9.289	36.047	202.16
1483.7	9.279	36.044	202.34
1484.7	9.269	36.042	202.5
1485.7	9.259	36.04	202.66
1486.7	9.252	36.038	202.81
1487.6	9.246	36.036	202.96
1488.6	9.242	36.034	203.1
1489.6	9.239	36.034	203.25
1490.6	9.206	36.028	203.41
1491.6	9.138	36.016	203.58
1492.6	9.091	36.007	203.76
1493.6	9.067	36.004	203.95
1494.5	9.033	35.998	204.15
1495.5	8.969	35.987	204.36
1496.5	8.865	35.966	204.57
1497.5	8.789	35.947	204.79
1498.5	8.758	35.939	205.01
1499.5	8.74	35.935	205.23
1500.5	8.708	35.93	205.45
1501.4	8.658	35.922	205.66
1502.4	8.618	35.914	205.85
1503.4	8.604	35.908	206.01
1504.4	8.599	35.905	206.15
1505.4	8.592	35.904	206.25
1506.4	8.582	35.903	206.33
1507.4	8.576	35.902	206.38
1508.3	8.57	35.9	206.41
1509.3	8.563	35.898	206.4
1510.3	8.557	35.897	206.37
1511.3	8.55	35.896	206.32
1512.3	8.545	35.895	206.25
1513.3	8.542	35.894	206.2
1514.3	8.54	35.894	206.15
1515.2	8.538	35.893	206.12
1516.2	8.535	35.893	206.09
1517.2	8.534	35.893	206.08
1518.2	8.533	35.893	206.07
1519.2	8.528	35.893	206.09
1520.2	8.519	35.891	206.12
1521.2	8.509	35.889	206.17
1522.1	8.503	35.889	206.24
1523.1	8.503	35.889	206.31
1524.1	8.512	35.889	206.38
1525.1	8.517	35.889	206.44
1526.1	8.506	35.889	206.49
1527.1	8.49	35.887	206.54
1528.0	8.479	35.885	206.59
1529.0	8.473	35.883	206.62
1530.0	8.47	35.881	206.64
1531.0	8.468	35.88	206.64
1532.0	8.464	35.879	206.61
1533.0	8.462	35.878	206.57
1534.0	8.46	35.878	206.52
1534.9	8.455	35.878	206.47
1535.9	8.455	35.877	206.42
1536.9	8.459	35.878	206.36
1537.9	8.456	35.879	206.28
1538.9	8.451	35.878	206.21
1539.9	8.442	35.876	206.13
1540.9	8.429	35.873	206.05
1541.8	8.422	35.872	206.01
1542.8	8.422	35.872	205.99
1543.8	8.422	35.872	205.99
1544.8	8.417	35.872	205.99
1545.8	8.412	35.87	205.99
1546.8	8.411	35.869	206.0
1547.8	8.411	35.87	206.04
1548.7	8.411	35.87	206.11
1549.7	8.409	35.87	206.21
1550.7	8.396	35.869	206.33
1551.7	8.378	35.867	206.47
1552.7	8.364	35.864	206.6
1553.7	8.35	35.861	206.74
1554.7	8.342	35.859	206.89
1555.6	8.341	35.857	207.05
1556.6	8.345	35.856	207.22
1557.6	8.347	35.858	207.4
1558.6	8.344	35.859	207.57
1559.6	8.299	35.85	207.73
1560.6	8.253	35.842	207.89
1561.6	8.208	35.833	208.05
1562.5	8.162	35.825	208.22
1563.5	8.159	35.823	208.39
1564.5	8.154	35.821	208.56
1565.5	8.149	35.82	208.74
1566.5	8.147	35.819	208.93
1567.5	8.148	35.819	209.11
1568.4	8.146	35.817	209.3
1569.4	8.122	35.814	209.48
1570.4	8.061	35.805	209.65
1571.4	7.977	35.791	209.83
1572.4	7.93	35.782	210.0
1573.4	7.918	35.778	210.17
1574.4	7.896	35.774	210.34
1575.3	7.876	35.769	210.49
1576.3	7.857	35.766	210.63
1577.3	7.817	35.76	210.75
1578.3	7.748	35.749	210.86
1579.3	7.711	35.741	210.98
1580.3	7.714	35.739	211.11
1581.3	7.715	35.738	211.25
1582.2	7.697	35.735	211.37
1583.2	7.67	35.731	211.49
1584.2	7.655	35.728	211.59
1585.2	7.649	35.726	211.68
1586.2	7.645	35.725	211.77
1587.2	7.644	35.725	211.87
1588.2	7.641	35.725	211.98
1589.1	7.639	35.724	212.1
1590.1	7.638	35.724	212.2
1591.1	7.636	35.724	212.3
1592.1	7.623	35.724	212.38
1593.1	7.585	35.722	212.48
1594.1	7.539	35.712	212.59
1595.0	7.494	35.703	212.72
1596.0	7.448	35.693	212.87
1597.0	7.402	35.684	213.03
1598.0	7.357	35.675	213.2
1599.0	7.311	35.665	213.37
1600.0	7.266	35.656	213.55
1601.0	7.265	35.655	213.73
1601.9	7.259	35.654	213.91
1602.9	7.245	35.653	214.11
1603.9	7.233	35.65	214.31
1604.9	7.225	35.648	214.51
1605.9	7.219	35.647	214.69
1606.9	7.213	35.646	214.85
1607.9	7.209	35.644	214.99
1608.8	7.204	35.643	215.1
1609.8	7.2	35.643	215.21
1610.8	7.197	35.643	215.29
1611.8	7.189	35.642	215.34
1612.8	7.184	35.64	215.38
1613.8	7.186	35.641	215.41
1614.7	7.196	35.642	215.43
1615.7	7.207	35.643	215.44
1616.7	7.215	35.644	215.46
1617.7	7.219	35.645	215.49
1618.7	7.219	35.646	215.55
1619.7	7.22	35.646	215.64
1620.7	7.223	35.646	215.75
1621.6	7.226	35.646	215.9
1622.6	7.162	35.639	216.09
1623.6	7.077	35.626	216.31
1624.6	7.018	35.614	216.55
1625.6	6.96	35.602	216.81
1626.6	6.901	35.59	217.08
1627.6	6.843	35.578	217.36
1628.5	6.785	35.566	217.65
1629.5	6.726	35.554	217.92
1630.5	6.668	35.542	218.18
1631.5	6.663	35.542	218.43
1632.5	6.642	35.541	218.65
1633.5	6.599	35.536	218.86
1634.4	6.569	35.528	219.05
1635.4	6.558	35.525	219.23
1636.4	6.556	35.524	219.4
1637.4	6.543	35.523	219.55
1638.4	6.519	35.52	219.67
1639.4	6.507	35.516	219.78
1640.4	6.504	35.514	219.88
1641.3	6.498	35.512	219.98
1642.3	6.491	35.51	220.07
1643.3	6.481	35.509	220.15
1644.3	6.465	35.507	220.21
1645.3	6.454	35.506	220.25
1646.3	6.448	35.504	220.26
1647.3	6.448	35.503	220.26
1648.2	6.447	35.504	220.25
1649.2	6.444	35.504	220.24
1650.2	6.44	35.503	220.21
1651.2	6.431	35.502	220.17
1652.2	6.419	35.5	220.12
1653.2			
1654.1			
1655.1			
1656.1			
1657.1			
1658.1			
1659.1			
1660.1			
1661.0			
1662.0			
1663.0			
1664.0			
1665.0			
1666.0			
1666.9			
1667.9			
1668.9			
1669.9			
1670.9			
1671.9			
1672.9			
1673.8			
1674.8			
1675.8			
1676.8			
1677.8			
1678.8			
1679.7			
1680.7			
1681.7			
1682.7			
1683.7			
1684.7			
1685.7			
1686.6			
1687.6			
1688.6			
1689.6			
1690.6			
1691.6			
1692.5			
1693.5			
1694.5			
1695.5			
1696.5			
1697.5			
1698.5			
1699.4			
1700.4			
1701.4			
1702.4			
1703.4			
1704.4			
1705.3			
1706.3			
1707.3			
1708.3			
1709.3			
1710.3			
1711.3			
1712.2			
1713.2			
1714.2			
1715.2			
1716.2			
1717.2			
1718.1			
1719.1			
1720.1			
1721.1			
1722.1			
1723.1			
1724.1			
1725.0			
1726.0			
1727.0			
1728.0			
1729.0			
1730.0			
1730.9			
1731.9			
1732.9			
1733.9			
1734.9			
1735.9			
1736.9			
1737.8			
1738.8			
1739.8			
1740.8			
1741.8			
1742.8			
1743.7			
1744.7			
1745.7			
1746.7			
1747.7			
1748.7			
1749.7			
1750.6			
1751.6			
1752.6			
1753.6			
1754.6			
1755.6			
1756.5			
1757.5			
1758.5			
1759.5			
1760.5			
1761.5			
1762.4			
1763.4			
1764.4			
1765.4			
1766.4			
1767.4			
1768.4			
1769.3			
1770.3			
1771.3			
1772.3			
1773.3			
1774.3			
1775.2			
1776.2			
1777.2			
1778.2			
1779.2			
1780.2			
1781.1			
1782.1			
1783.1			
1784.1			
1785.1			
1786.1			
1787.1			
1788.0			
1789.0			
1790.0			
1791.0			
1792.0			
1793.0			
1793.9			
1794.9			
1795.9			
1796.9			
1797.9			
1798.9			
1799.8			
1800.8			
1801.8			
1802.8			
1803.8			
1804.8			
1805.8			
1806.7			
1807.7			
1808.7			
1809.7			
1810.7			
1811.7			
1812.6			
1813.6			
1814.6			
1815.6			
1816.6			
1817.6			
1818.5			
1819.5			
1820.5			
1821.5			
1822.5			
1823.5			
1824.5			
1825.4			
1826.4			
1827.4			
1828.4			
1829.4			
1830.4			
1831.3			
1832.3			
1833.3			
1834.3			
1835.3			
1836.3			
1837.2			
1838.2			
1839.2			
1840.2			
1841.2			
1842.2			
1843.1			
1844.1			
1845.1			
1846.1			
1847.1			
1848.1			
1849.1			
1850.0			
1851.0			
1852.0			
1853.0			
1854.0			
1855.0			
1855.9			
1856.9			
1857.9			
1858.9			
1859.9			
1860.9			
1861.8			
1862.8			
1863.8			
1864.8			
1865.8			
1866.8			
1867.7			
1868.7			
1869.7			
1870.7			
1871.7			
1872.7			
1873.6			
1874.6			
1875.6			
1876.6			
1877.6			
1878.6			
1879.6			
1880.5			
1881.5			
1882.5			
1883.5			
1884.5			
1885.5			
1886.4			
1887.4			
1888.4			
1889.4			
1890.4			
1891.4			
1892.3			
1893.3			
1894.3			
1895.3			
1896.3			
1897.3			
1898.2			
1899.2			
1900.2			
1901.2			
1902.2			
1903.2			
1904.1			
1905.1			
1906.1			
1907.1			
1908.1			
1909.1			
1910.0			
1911.0			
1912.0			
1913.0			
1914.0			
1915.0			
1915.9			
1916.9			
1917.9			
1918.9			
1919.9			
1920.9			
1921.8			
1922.8			
1923.8			
1924.8			
1925.8			
1926.8			
1927.8			
1928.7			
1929.7			
1930.7			
1931.7			
1932.7			
1933.7			
1934.6			
1935.6			
1936.6			
1937.6			
1938.6			
1939.6			
1940.5			
1941.5			
1942.5			
1943.5			
1944.5			
1945.5			
1946.4			
1947.4			
1948.4			
1949.4			
1950.4			
1951.4			
1952.3			
1953.3			
1954.3			
1955.3			
1956.3			
1957.3			
1958.2			
1959.2			
1960.2			
1961.2			
1962.2			
1963.2			
1964.1			
1965.1			
1966.1			
1967.1			
1968.1			
1969.1			
1970.0			
1971.0			
1972.0			
1973.0			
1974.0			
1975.0			
1975.9			
1976.9			
1977.9			
1978.9			
1979.9			
1980.9			
1981.8			
1982.8			
1983.8			
1984.8			
1985.8			
1986.8			
1987.7			
1988.7			
1989.7			
1990.7			
1991.7			
1992.7			
1993.6			
1994.6			
1995.6			
1996.6			
1997.6			
1998.6			
1999.5			
2000.5			
2001.5			
2002.5			
2003.5			
2004.5			
2005.4			
2006.4			
2007.4			
2008.4			
2009.4			
2010.4			
2011.3			
2012.3			
2013.3			
2014.3			
2015.3			
2016.3			
2017.2			
2018.2			
2019.2			
2020.2			
2021.2			
2022.2			
2023.1			
2024.1			
2025.1			
2026.1			
2027.1			
2028.0			
2029.0			
2030.0			
2031.0			
2032.0			
2033.0			
2033.9			
2034.9			
2035.9			
2036.9			
2037.9			
2038.9			
2039.8			
2040.8			
2041.8			
2042.8			
2043.8			
2044.8			
2045.7			
2046.7			
2047.7			
2048.7			
2049.7			
2050.7			
2051.6			
2052.6			
2053.6			
2054.6			
2055.6			
2056.6			
2057.5			
2058.5			
2059.5			
2060.5			
2061.5			
2062.5			
2063.4			
2064.4			
2065.4			
2066.4			
2067.4			
2068.4			
2069.3			
2070.3			
2071.3			
2072.3			
2073.3			
2074.3			
2075.2			
2076.2			
2077.2			
2078.2			
2079.2			
2080.1			
2081.1			
2082.1			
2083.1			
2084.1			
2085.1			
2086.0			
2087.0			
2088.0			
2089.0			
2090.0			
2091.0			
2091.9			
2092.9			
2093.9			
2094.9			
2095.9			
2096.9			
2097.8			
2098.8			
2099.8			
2100.8			
2101.8			
2102.8			
2103.7			
2104.7			
2105.7			
2106.7			
2107.7			
2108.6			
2109.6			
2110.6			
2111.6			
2112.6			
2113.6			
2114.5			
2115.5			
2116.5			
2117.5			
2118.5			
2119.5			
2120.4			
2121.4			
2122.4			
2123.4			
2124.4			
2125.4			
2126.3			
2127.3			
2128.3			
2129.3			
2130.3			
2131.2			
2132.2			
2133.2			
2134.2			
2135.2			
2136.2			
2137.1			
2138.1			
2139.1			
2140.1			
2141.1			
2142.1			
2143.0			
2144.0			
2145.0			
2146.0			
2147.0			
