Depth [m]	Temperature [degC]	Salinity [PSU]	Oxygen [umol/kg]
1.0	17.826	36.079	242.56
2.0	17.826	36.079	242.64
3.0	17.826	36.079	242.73
4.0	17.826	36.079	242.84
5.0	17.826	36.079	242.97
6.0	17.819	36.081	243.11
6.9	17.792	36.084	243.29
7.9	17.781	36.084	243.52
8.9	17.802	36.081	243.81
9.9	17.768	36.091	244.16
10.9	17.68	36.106	244.54
11.9	17.618	36.109	244.93
12.9	17.599	36.106	245.33
13.9	17.589	36.104	245.73
14.9	17.56	36.114	246.13
15.9	17.473	36.139	246.56
16.9	17.354	36.144	247.06
17.9	17.284	36.123	247.6
18.9	17.273	36.109	248.13
19.9	17.255	36.112	248.63
20.8	17.208	36.117	249.1
21.8	17.151	36.117	249.54
22.8	17.092	36.113	249.96
23.8	17.045	36.105	250.33
24.8	17.027	36.097	250.67
25.8	17.029	36.097	250.96
26.8	17.036	36.101	251.2
27.8	17.039	36.107	251.36
28.8	17.033	36.113	251.47
29.8	17.023	36.117	251.52
30.8	17.015	36.125	251.52
31.8	17.008	36.136	251.47
32.8	16.982	36.148	251.36
33.7	16.929	36.148	251.21
34.7	16.873	36.143	251.02
35.7	16.83	36.148	250.79
36.7	16.802	36.166	250.51
37.7	16.783	36.192	250.16
38.7	16.75	36.218	249.72
39.7	16.7	36.23	249.2
40.7	16.644	36.235	248.59
41.7	16.583	36.24	247.91
42.7	16.503	36.245	247.18
43.7	16.394	36.241	246.38
44.7	16.302	36.231	245.49
45.7	16.225	36.229	244.51
46.7	16.118	36.233	243.44
47.6	16.013	36.223	242.32
48.6	15.957	36.207	241.17
49.6	15.932	36.199	240.0
50.6	15.901	36.196	238.81
51.6	15.854	36.195	237.62
52.6	15.78	36.188	236.44
53.6	15.697	36.173	235.28
54.6	15.64	36.161	234.14
55.6	15.605	36.155	233.05
56.6	15.587	36.152	232.03
57.6	15.581	36.149	231.11
58.6	15.577	36.148	230.26
59.6	15.57	36.148	229.48
60.5	15.557	36.148	228.77
61.5	15.539	36.147	228.14
62.5	15.52	36.145	227.58
63.5	15.5	36.141	227.08
64.5	15.475	36.14	226.62
65.5	15.444	36.137	226.21
66.5	15.421	36.131	225.85
67.5	15.416	36.126	225.53
68.5	15.415	36.126	225.23
69.5	15.405	36.127	224.95
70.5	15.379	36.127	224.69
71.5	15.353	36.122	224.45
72.5	15.335	36.117	224.21
73.4	15.317	36.115	223.98
74.4	15.291	36.113	223.75
75.4	15.262	36.109	223.54
76.4	15.241	36.103	223.34
77.4	15.226	36.1	223.14
78.4	15.198	36.099	222.94
79.4	15.163	36.095	222.75
80.4	15.138	36.089	222.58
81.4	15.128	36.084	222.41
82.4	15.123	36.081	222.24
83.4	15.119	36.081	222.09
84.4	15.114	36.081	221.95
85.4	15.105	36.08	221.84
86.3	15.093	36.079	221.76
87.3	15.078	36.078	221.68
88.3	15.06	36.075	221.6
89.3	15.044	36.072	221.49
90.3	15.034	36.07	221.35
91.3	15.027	36.068	221.22
92.3	15.018	36.068	221.08
93.3	15.005	36.067	220.92
94.3	14.987	36.066	220.71
95.3	14.966	36.062	220.41
96.3	14.947	36.057	219.99
97.3	14.928	36.053	219.45
98.3	14.904	36.05	218.85
99.2	14.882	36.048	218.23
100.2	14.86	36.045	217.62
101.2	14.835	36.039	217.0
102.2	14.813	36.034	216.36
103.2	14.799	36.032	215.7
104.2	14.78	36.03	215.04
105.2	14.763	36.027	214.46
106.2	14.746	36.026	214.06
107.2	14.718	36.022	213.85
108.2	14.705	36.02	213.82
109.2	14.696	36.019	213.9
110.2	14.688	36.017	214.05
111.2	14.681	36.015	214.26
112.1	14.678	36.014	214.53
113.1	14.677	36.014	214.87
114.1	14.675	36.014	215.26
115.1	14.672	36.014	215.69
116.1	14.662	36.014	216.09
117.1	14.639	36.013	216.41
118.1	14.617	36.01	216.65
119.1	14.603	36.006	216.83
120.1	14.589	36.003	216.97
121.1	14.579	36.001	217.11
122.1	14.571	35.999	217.23
123.1	14.565	35.997	217.31
124.0	14.557	35.997	217.32
125.0	14.542	35.997	217.28
126.0	14.516	35.996	217.22
127.0	14.486	35.992	217.14
128.0	14.456	35.989	217.07
129.0	14.407	35.986	216.97
130.0	14.342	35.977	216.8
131.0	14.299	35.965	216.53
132.0	14.276	35.956	216.16
133.0	14.26	35.952	215.73
134.0	14.251	35.95	215.29
135.0	14.243	35.948	214.85
136.0	14.237	35.947	214.4
136.9	14.229	35.945	213.9
137.9	14.221	35.944	213.3
138.9	14.213	35.942	212.63
139.9	14.205	35.942	211.92
140.9	14.187	35.944	211.28
141.9	14.149	35.942	210.75
142.9	14.117	35.935	210.28
143.9	14.104	35.93	209.8
144.9	14.086	35.929	209.3
145.9	14.039	35.931	208.78
146.9	13.965	35.926	208.32
147.9	13.915	35.912	207.97
148.8	13.893	35.898	207.75
149.8	13.886	35.891	207.62
150.8	13.882	35.889	207.53
151.8	13.88	35.889	207.41
152.8	13.872	35.89	207.26
153.8	13.857	35.89	207.14
154.8	13.844	35.888	207.09
155.8	13.83	35.884	207.1
156.8	13.817	35.882	207.11
157.8	13.813	35.881	207.06
158.8	13.813	35.881	206.93
159.8	13.812	35.883	206.75
160.8	13.804	35.885	206.54
161.7	13.786	35.886	206.31
162.7	13.774	35.883	206.06
163.7	13.775	35.882	205.76
164.7	13.772	35.882	205.39
165.7	13.766	35.88	204.98
166.7	13.767	35.879	204.54
167.7	13.765	35.881	204.13
168.7	13.758	35.881	203.75
169.7	13.747	35.881	203.38
170.7	13.737	35.879	203.0
171.7	13.717	35.879	202.63
172.7	13.691	35.878	202.28
173.6	13.678	35.873	202.0
174.6	13.672	35.87	201.8
175.6	13.665	35.869	201.67
176.6	13.657	35.867	201.59
177.6	13.648	35.865	201.53
178.6	13.637	35.864	201.48
179.6	13.625	35.863	201.46
180.6	13.616	35.862	201.49
181.6	13.604	35.861	201.57
182.6	13.59	35.859	201.7
183.6	13.575	35.857	201.84
184.6	13.565	35.854	201.96
185.5	13.558	35.853	202.06
186.5	13.55	35.852	202.14
187.5	13.54	35.851	202.21
188.5	13.532	35.85	202.3
189.5	13.52	35.849	202.39
190.5	13.499	35.849	202.47
191.5	13.476	35.844	202.51
192.5	13.461	35.84	202.51
193.5	13.454	35.837	202.47
194.5	13.45	35.836	202.43
195.5	13.446	35.837	202.4
196.5	13.441	35.836	202.39
197.5	13.437	35.835	202.37
198.4	13.437	35.834	202.32
199.4	13.436	35.834	202.25
200.4	13.434	35.834	202.14
201.4	13.431	35.834	202.05
202.4	13.425	35.834	201.99
203.4	13.419	35.833	201.96
204.4	13.414	35.833	201.96
205.4	13.404	35.832	201.93
206.4	13.388	35.831	201.86
207.4	13.373	35.829	201.79
208.4	13.366	35.827	201.72
209.4	13.36	35.827	201.7
210.3	13.35	35.827	201.73
211.3	13.339	35.824	201.78
212.3	13.333	35.822	201.82
213.3	13.325	35.821	201.84
214.3	13.312	35.821	201.82
215.3	13.296	35.82	201.82
216.3	13.283	35.817	201.84
217.3	13.276	35.814	201.89
218.3	13.27	35.812	201.96
219.3	13.259	35.812	202.0
220.3	13.233	35.812	202.01
221.3	13.19	35.81	201.98
222.2	13.137	35.806	201.94
223.2	13.094	35.796	201.9
224.2	13.074	35.786	201.88
225.2	13.063	35.781	201.86
226.2	13.057	35.779	201.83
227.2	13.054	35.778	201.76
228.2	13.05	35.778	201.68
229.2	13.045	35.777	201.6
230.2	13.043	35.777	201.53
231.2	13.042	35.776	201.49
232.2	13.04	35.776	201.46
233.2	13.039	35.775	201.43
234.1	13.038	35.775	201.38
235.1	13.038	35.775	201.32
236.1	13.038	35.775	201.27
237.1	13.038	35.775	201.24
238.1	13.037	35.775	201.24
239.1	13.034	35.776	201.24
240.1	13.032	35.775	201.23
241.1	13.031	35.774	201.2
242.1	13.031	35.774	201.17
243.1	13.032	35.773	201.14
244.1	13.032	35.774	201.14
245.0	13.029	35.774	201.16
246.0	13.027	35.774	201.19
247.0	13.026	35.773	201.2
248.0	13.024	35.773	201.2
249.0	13.021	35.773	201.2
250.0	13.015	35.774	201.2
251.0	13.006	35.773	201.22
252.0	12.997	35.771	201.24
253.0	12.984	35.771	201.25
254.0	12.948	35.773	201.24
255.0	12.902	35.771	201.2
256.0	12.874	35.763	201.15
256.9	12.859	35.757	201.1
257.9	12.853	35.754	201.04
258.9	12.849	35.752	200.98
259.9	12.846	35.752	200.9
260.9	12.836	35.753	200.82
261.9	12.815	35.754	200.73
262.9	12.796	35.751	200.65
263.9	12.785	35.747	200.59
264.9	12.777	35.745	200.55
265.9	12.767	35.744	200.51
266.9	12.756	35.743	200.47
267.9	12.745	35.743	200.42
268.8	12.729	35.742	200.38
269.8	12.715	35.74	200.36
270.8	12.709	35.737	200.37
271.8	12.708	35.736	200.38
272.8	12.705	35.735	200.39
273.8	12.702	35.735	200.39
274.8	12.695	35.736	200.38
275.8	12.679	35.737	200.37
276.8	12.657	35.736	200.38
277.8	12.643	35.732	200.41
278.8	12.637	35.728	200.43
279.7	12.634	35.727	200.45
280.7	12.631	35.727	200.46
281.7	12.628	35.727	200.44
282.7	12.624	35.727	200.42
283.7	12.621	35.726	200.41
284.7	12.619	35.726	200.4
285.7	12.616	35.726	200.41
286.7	12.614	35.725	200.4
287.7	12.611	35.725	200.38
288.7	12.609	35.725	200.35
289.7	12.607	35.725	200.3
290.7	12.604	35.724	200.25
291.6	12.6	35.724	200.2
292.6	12.593	35.725	200.16
293.6	12.578	35.725	200.11
294.6	12.552	35.724	200.05
295.6	12.517	35.721	199.96
296.6	12.483	35.716	199.85
297.6	12.453	35.712	199.73
298.6	12.43	35.708	199.6
299.6	12.42	35.705	199.49
300.6	12.412	35.705	199.39
301.6	12.401	35.704	199.3
302.5	12.393	35.702	199.2
303.5	12.385	35.701	199.09
304.5	12.377	35.7	198.97
305.5	12.372	35.699	198.88
306.5	12.366	35.698	198.81
307.5	12.362	35.697	198.78
308.5	12.358	35.697	198.76
309.5	12.354	35.696	198.73
310.5	12.349	35.695	198.69
311.5	12.343	35.695	198.64
312.5	12.338	35.694	198.6
313.5	12.331	35.695	198.58
314.4	12.322	35.693	198.57
315.4	12.311	35.692	198.56
316.4	12.289	35.692	198.52
317.4	12.259	35.69	198.46
318.4	12.236	35.687	198.37
319.4	12.226	35.685	198.29
320.4	12.219	35.683	198.23
321.4	12.213	35.681	198.19
322.4	12.209	35.68	198.15
323.4	12.206	35.679	198.08
324.4	12.205	35.679	198.0
325.3	12.203	35.678	197.93
326.3	12.201	35.679	197.89
327.3	12.197	35.679	197.88
328.3	12.193	35.678	197.89
329.3	12.191	35.678	197.9
330.3	12.189	35.677	197.89
331.3	12.184	35.677	197.87
332.3	12.177	35.677	197.83
333.3	12.169	35.676	197.81
334.3	12.162	35.675	197.81
335.3	12.158	35.674	197.83
336.2	12.152	35.673	197.84
337.2	12.146	35.672	197.83
338.2	12.138	35.672	197.81
339.2	12.129	35.672	197.78
340.2	12.116	35.671	197.77
341.2	12.105	35.669	197.77
342.2	12.098	35.668	197.78
343.2	12.089	35.668	197.8
344.2	12.081	35.666	197.81
345.2	12.071	35.665	197.81
346.2	12.061	35.664	197.79
347.1	12.053	35.662	197.76
348.1	12.048	35.661	197.72
349.1	12.046	35.661	197.7
350.1	12.043	35.661	197.68
351.1	12.04	35.66	197.66
352.1	12.038	35.66	197.64
353.1	12.036	35.659	197.62
354.1	12.035	35.659	197.6
355.1	12.033	35.659	197.58
356.1	12.031	35.659	197.57
357.1	12.026	35.659	197.57
358.0	12.019	35.659	197.59
359.0	12.013	35.659	197.61
360.0	12.004	35.659	197.63
361.0	11.991	35.659	197.63
362.0	11.974	35.659	197.61
363.0	11.952	35.658	197.58
364.0	11.934	35.655	197.55
365.0	11.926	35.652	197.52
366.0	11.92	35.651	197.5
367.0	11.915	35.65	197.47
368.0	11.912	35.65	197.44
368.9	11.908	35.649	197.39
369.9	11.904	35.648	197.32
370.9	11.902	35.648	197.26
371.9	11.901	35.648	197.21
372.9	11.9	35.648	197.19
373.9	11.898	35.648	197.16
374.9	11.897	35.648	197.14
375.9	11.896	35.647	197.11
376.9	11.896	35.647	197.08
377.9	11.896	35.647	197.04
378.9	11.896	35.647	197.02
379.8	11.896	35.647	197.03
380.8	11.896	35.647	197.05
381.8	11.895	35.647	197.05
382.8	11.894	35.647	197.05
383.8	11.894	35.647	197.03
384.8	11.893	35.647	197.01
385.8	11.892	35.647	197.01
386.8	11.889	35.647	197.02
387.8	11.884	35.647	197.04
388.8	11.873	35.648	197.03
389.8	11.856	35.648	197.0
390.7	11.842	35.647	196.95
391.7	11.833	35.645	196.9
392.7	11.827	35.644	196.86
393.7	11.822	35.643	196.85
394.7	11.818	35.642	196.84
395.7	11.815	35.642	196.82
396.7	11.813	35.641	196.78
397.7	11.81	35.641	196.73
398.7	11.808	35.641	196.67
399.7	11.806	35.641	196.62
400.7	11.799	35.642	196.6
401.6	11.787	35.642	196.59
402.6	11.778	35.64	196.59
403.6	11.776	35.638	196.57
404.6	11.776	35.637	196.53
405.6	11.775	35.637	196.49
406.6	11.775	35.637	196.43
407.6	11.775	35.637	196.38
408.6	11.774	35.637	196.34
409.6	11.77	35.637	196.3
410.6	11.768	35.636	196.27
411.6	11.768	35.636	196.23
412.5	11.768	35.637	196.18
413.5	11.766	35.637	196.12
414.5	11.762	35.636	196.05
415.5	11.759	35.636	195.98
416.5	11.756	35.636	195.93
417.5	11.751	35.636	195.9
418.5	11.745	35.636	195.88
419.5	11.741	35.635	195.86
420.5	11.737	35.635	195.84
421.5	11.731	35.635	195.8
422.5	11.724	35.635	195.75
423.4	11.718	35.634	195.7
424.4	11.71	35.634	195.66
425.4	11.703	35.633	195.64
426.4	11.697	35.631	195.62
427.4	11.69	35.631	195.59
428.4	11.684	35.631	195.55
429.4	11.678	35.63	195.5
430.4	11.673	35.63	195.45
431.4	11.673	35.63	195.4
432.4	11.674	35.631	195.36
433.3	11.674	35.632	195.34
434.3	11.674	35.633	195.32
435.3	11.673	35.633	195.3
436.3	11.672	35.634	195.26
437.3	11.673	35.635	195.21
438.3	11.677	35.636	195.15
439.3	11.68	35.638	195.11
440.3	11.682	35.64	195.08
441.3	11.683	35.642	195.04
442.3	11.681	35.644	194.99
443.3	11.672	35.646	194.91
444.2	11.646	35.65	194.79
445.2	11.599	35.653	194.66
446.2	11.558	35.646	194.52
447.2	11.538	35.636	194.38
448.2	11.524	35.629	194.24
449.2	11.513	35.626	194.07
450.2	11.505	35.625	193.85
451.2	11.498	35.625	193.6
452.2	11.489	35.627	193.34
453.2	11.479	35.628	193.1
454.2	11.472	35.627	192.88
455.1	11.468	35.626	192.67
456.1	11.465	35.625	192.46
457.1	11.462	35.624	192.24
458.1	11.458	35.624	192.01
459.1	11.452	35.625	191.77
460.1	11.443	35.626	191.56
461.1	11.434	35.627	191.38
462.1	11.431	35.626	191.23
463.1	11.43	35.626	191.06
464.1	11.433	35.628	190.87
465.0	11.437	35.632	190.67
466.0	11.438	35.635	190.47
467.0	11.437	35.637	190.28
468.0	11.435	35.638	190.13
469.0	11.43	35.639	189.99
470.0	11.423	35.64	189.85
471.0	11.417	35.64	189.7
472.0	11.412	35.641	189.54
473.0	11.41	35.641	189.38
474.0	11.407	35.642	189.25
475.0	11.404	35.642	189.15
475.9	11.403	35.641	189.07
476.9	11.401	35.641	188.97
477.9	11.395	35.642	188.85
478.9	11.386	35.641	188.71
479.9	11.388	35.642	188.57
480.9	11.394	35.646	188.44
481.9	11.393	35.649	188.33
482.9	11.396	35.65	188.23
483.9	11.402	35.652	188.14
484.9	11.41	35.656	188.02
485.8	11.414	35.657	187.9
486.8	11.415	35.658	187.79
487.8	11.417	35.659	187.7
488.8	11.418	35.66	187.66
489.8	11.421	35.662	187.64
490.8	11.426	35.665	187.63
491.8	11.437	35.669	187.61
492.8	11.447	35.677	187.58
493.8	11.445	35.683	187.55
494.8	11.43	35.685	187.52
495.7	11.401	35.685	187.49
496.7	11.369	35.683	187.46
497.7	11.345	35.68	187.43
498.7	11.334	35.678	187.37
499.7	11.333	35.68	187.28
500.7	11.334	35.682	187.17
501.7	11.332	35.683	187.05
502.7	11.325	35.685	186.93
503.7	11.314	35.685	186.81
504.7	11.305	35.683	186.69
505.7	11.296	35.682	186.58
506.6	11.289	35.681	186.47
507.6	11.278	35.68	186.36
508.6	11.268	35.68	186.25
509.6	11.265	35.681	186.15
510.6	11.268	35.683	186.05
511.6	11.27	35.685	185.96
512.6	11.273	35.686	185.86
513.6	11.276	35.688	185.77
514.6	11.278	35.69	185.67
515.6	11.28	35.693	185.56
516.5	11.282	35.697	185.45
517.5	11.284	35.7	185.35
518.5	11.288	35.703	185.25
519.5	11.299	35.706	185.16
520.5	11.322	35.711	185.07
521.5	11.364	35.721	185.01
522.5	11.424	35.735	184.96
523.5	11.488	35.754	184.95
524.5	11.555	35.785	184.98
525.5	11.622	35.817	185.06
526.4	11.689	35.841	185.19
527.4	11.769	35.863	185.36
528.4	11.852	35.889	185.57
529.4	11.941	35.921	185.83
530.4	12.019	35.954	186.13
531.4	12.074	35.988	186.47
532.4	12.107	36.012	186.86
533.4	12.138	36.026	187.28
534.4	12.171	36.041	187.71
535.4	12.206	36.055	188.15
536.3	12.247	36.068	188.57
537.3	12.285	36.083	188.97
538.3	12.303	36.096	189.36
539.3	12.305	36.102	189.73
540.3	12.303	36.104	190.08
541.3	12.302	36.103	190.4
542.3	12.301	36.104	190.67
543.3	12.3	36.104	190.9
544.3	12.299	36.103	191.09
545.3	12.294	36.103	191.25
546.2	12.287	36.103	191.39
547.2	12.281	36.102	191.5
548.2	12.27	36.1	191.58
549.2	12.257	36.097	191.62
550.2	12.245	36.096	191.64
551.2	12.218	36.096	191.64
552.2	12.186	36.09	191.61
553.2	12.162	36.082	191.57
554.2	12.132	36.078	191.5
555.2	12.093	36.071	191.41
556.1	12.067	36.062	191.3
557.1	12.056	36.057	191.18
558.1	12.061	36.055	191.06
559.1	12.082	36.058	190.94
560.1	12.105	36.067	190.84
561.1	12.115	36.075	190.74
562.1	12.118	36.077	190.65
563.1	12.134	36.078	190.59
564.1	12.173	36.085	190.55
565.1	12.204	36.098	190.56
566.0	12.219	36.107	190.59
567.0	12.243	36.115	190.63
568.0	12.258	36.128	190.69
569.0	12.244	36.134	190.75
570.0	12.229	36.13	190.82
571.0	12.215	36.128	190.9
572.0	12.186	36.126	190.97
573.0	12.154	36.119	191.04
574.0	12.13	36.111	191.08
575.0	12.128	36.106	191.1
575.9	12.149	36.11	191.08
576.9	12.154	36.122	191.04
577.9	12.131	36.125	190.99
578.9	12.106	36.121	190.94
579.9	12.096	36.114	190.89
580.9	12.109	36.11	190.83
581.9	12.136	36.115	190.77
582.9	12.162	36.126	190.72
583.9	12.184	36.134	190.68
584.9	12.202	36.142	190.65
585.8	12.216	36.147	190.64
586.8	12.229	36.153	190.65
587.8	12.234	36.157	190.68
588.8	12.246	36.158	190.73
589.8	12.268	36.164	190.79
590.8	12.288	36.173	190.87
591.8	12.3	36.18	190.94
592.8	12.311	36.184	191.01
593.8	12.326	36.189	191.08
594.8	12.345	36.197	191.16
595.7	12.36	36.206	191.25
596.7	12.366	36.213	191.36
597.7	12.367	36.215	191.47
598.7	12.37	36.216	191.58
599.7	12.377	36.217	191.68
600.7	12.386	36.221	191.78
601.7	12.394	36.225	191.88
602.7	12.394	36.228	191.99
603.7	12.387	36.23	192.08
604.7	12.38	36.23	192.17
605.6	12.375	36.228	192.24
606.6	12.373	36.227	192.28
607.6	12.364	36.228	192.31
608.6	12.345	36.227	192.33
609.6	12.334	36.222	192.35
610.6	12.341	36.22	192.37
611.6	12.377	36.226	192.39
612.6	12.421	36.239	192.41
613.6	12.444	36.252	192.42
614.5	12.451	36.256	192.45
615.5	12.454	36.259	192.47
616.5	12.465	36.261	192.49
617.5	12.473	36.267	192.49
618.5	12.439	36.272	192.49
619.5	12.338	36.255	192.45
620.5	12.291	36.234	192.38
621.5	12.285	36.227	192.26
622.5	12.255	36.229	192.1
623.5	12.18	36.226	191.9
624.4	12.094	36.206	191.68
625.4	12.126	36.196	191.45
626.4	12.223	36.227	191.21
627.4	12.234	36.254	190.98
628.4	12.192	36.255	190.75
629.4	12.19	36.246	190.52
630.4	12.223	36.255	190.32
631.4	12.239	36.271	190.16
632.4	12.254	36.279	190.05
633.4	12.269	36.287	189.99
634.3	12.275	36.294	189.97
635.3	12.286	36.297	189.97
636.3	12.301	36.302	189.99
637.3	12.324	36.307	190.02
638.3	12.377	36.319	190.07
639.3	12.429	36.338	190.14
640.3	12.452	36.353	190.23
641.3	12.465	36.358	190.35
642.3	12.488	36.36	190.49
643.3	12.523	36.371	190.64
644.2	12.545	36.383	190.79
645.2	12.557	36.39	190.94
646.2	12.572	36.393	191.09
647.2	12.591	36.394	191.26
648.2	12.616	36.399	191.44
649.2	12.644	36.407	191.63
650.2	12.662	36.416	191.81
651.2	12.669	36.423	191.97
652.2	12.672	36.425	192.12
653.1	12.674	36.425	192.25
654.1	12.68	36.425	192.36
655.1	12.691	36.428	192.46
656.1	12.698	36.433	192.54
657.1	12.7	36.435	192.6
658.1	12.7	36.436	192.65
659.1	12.701	36.436	192.68
660.1	12.702	36.436	192.69
661.1	12.702	36.437	192.7
662.1	12.702	36.437	192.72
663.0	12.704	36.438	192.72
664.0	12.706	36.438	192.73
665.0	12.708	36.44	192.74
666.0	12.708	36.442	192.75
667.0	12.708	36.444	192.77
668.0	12.711	36.445	192.8
669.0	12.715	36.446	192.83
670.0	12.718	36.448	192.85
671.0	12.721	36.449	192.88
671.9	12.723	36.45	192.91
672.9	12.723	36.45	192.94
673.9	12.723	36.451	192.96
674.9	12.724	36.451	192.97
675.9	12.726	36.45	192.97
676.9	12.729	36.451	192.96
677.9	12.729	36.452	192.96
678.9	12.73	36.452	192.96
679.9	12.732	36.453	192.97
680.9	12.731	36.454	192.96
681.8	12.728	36.455	192.93
682.8	12.724	36.455	192.89
683.8	12.721	36.455	192.86
684.8	12.717	36.455	192.85
685.8	12.713	36.454	192.85
686.8	12.713	36.455	192.86
687.8	12.714	36.455	192.85
688.8	12.715	36.456	192.83
689.8	12.717	36.457	192.8
690.7	12.721	36.459	192.79
691.7	12.724	36.461	192.82
692.7	12.725	36.462	192.88
693.7	12.724	36.463	192.95
694.7	12.724	36.463	193.02
695.7	12.725	36.463	193.08
696.7	12.725	36.464	193.12
697.7	12.723	36.465	193.17
698.7	12.721	36.465	193.24
699.6	12.72	36.464	193.32
700.6	12.721	36.464	193.39
701.6	12.724	36.467	193.45
702.6	12.725	36.469	193.48
703.6	12.724	36.471	193.49
704.6	12.724	36.471	193.5
705.6	12.725	36.471	193.5
706.6	12.727	36.472	193.5
707.6	12.728	36.475	193.52
708.6	12.727	36.477	193.54
709.5	12.726	36.479	193.55
710.5	12.725	36.481	193.54
711.5	12.724	36.484	193.52
712.5	12.72	36.489	193.48
713.5	12.714	36.494	193.42
714.5	12.7	36.501	193.32
715.5	12.673	36.507	193.17
716.5	12.644	36.507	192.98
717.5	12.62	36.503	192.75
718.4	12.606	36.5	192.47
719.4	12.596	36.498	192.15
720.4	12.591	36.497	191.77
721.4	12.594	36.499	191.37
722.4	12.601	36.502	190.96
723.4			
724.4			
725.4			
726.4			
727.3			
728.3			
729.3			
730.3			
731.3			
732.3			
733.3			
734.3			
735.3			
736.3			
737.2			
738.2			
739.2			
740.2			
741.2			
742.2			
743.2			
744.2			
745.2			
746.1			
747.1			
748.1			
749.1			
750.1			
751.1			
752.1			
753.1			
754.1			
755.0			
756.0			
757.0			
758.0			
759.0			
760.0			
761.0			
762.0			
763.0			
763.9			
764.9			
765.9			
766.9			
767.9			
768.9			
769.9			
770.9			
771.9			
772.8			
773.8			
774.8			
775.8			
776.8			
777.8			
778.8			
779.8			
780.8			
781.7			
782.7			
783.7			
784.7			
785.7			
786.7			
787.7			
788.7			
789.7			
790.6			
791.6			
792.6			
793.6			
794.6			
795.6			
796.6			
797.6			
798.6			
799.5			
800.5			
801.5			
802.5			
803.5			
804.5			
805.5			
806.5			
807.5			
808.4			
809.4			
810.4			
811.4			
812.4			
813.4			
814.4			
815.4			
816.4			
817.3			
818.3			
819.3			
820.3			
821.3			
822.3			
823.3			
824.3			
825.3			
826.2			
827.2			
828.2			
829.2			
830.2			
831.2			
832.2			
833.2			
834.2			
835.1			
836.1			
837.1			
838.1			
839.1			
840.1			
841.1			
842.1			
843.1			
844.0			
845.0			
846.0			
847.0			
848.0			
849.0			
850.0			
851.0			
852.0			
852.9			
853.9			
854.9			
855.9			
856.9			
857.9			
858.9			
859.9			
860.8			
861.8			
862.8			
863.8			
864.8			
865.8			
866.8			
867.8			
868.8			
869.7			
870.7			
871.7			
872.7			
873.7			
874.7			
875.7			
876.7			
877.7			
878.6			
879.6			
880.6			
881.6			
882.6			
883.6			
884.6			
885.6			
886.5			
887.5			
888.5			
889.5			
890.5			
891.5			
892.5			
893.5			
894.5			
895.4			
896.4			
897.4			
898.4			
899.4			
900.4			
901.4			
902.4			
903.4			
904.3			
905.3			
906.3			
907.3			
908.3			
909.3			
910.3			
911.3			
912.2			
913.2			
914.2			
915.2			
916.2			
917.2			
918.2			
919.2			
920.2			
921.1			
922.1			
923.1			
924.1			
925.1			
926.1			
927.1			
928.1			
929.0			
930.0			
931.0			
932.0			
933.0			
934.0			
935.0			
936.0			
937.0			
937.9			
938.9			
939.9			
940.9			
941.9			
942.9			
943.9			
944.9			
945.8			
946.8			
947.8			
948.8			
949.8			
950.8			
951.8			
952.8			
953.8			
954.7			
955.7			
956.7			
957.7			
958.7			
959.7			
960.7			
961.7			
962.6			
963.6			
964.6			
965.6			
966.6			
967.6			
968.6			
969.6			
970.5			
971.5			
972.5			
973.5			
974.5			
975.5			
976.5			
977.5			
978.5			
979.4			
980.4			
981.4			
982.4			
983.4			
984.4			
985.4			
986.4			
987.3			
988.3			
989.3			
990.3			
991.3			
992.3			
993.3			
994.3			
995.2			
996.2			
997.2			
998.2			
999.2			
1000.2			
1001.2			
1002.2			
1003.2			
1004.1			
1005.1			
1006.1			
1007.1			
1008.1			
1009.1			
1010.1			
1011.1			
1012.0			
1013.0			
1014.0			
1015.0			
1016.0			
1017.0			
1018.0			
1019.0			
1019.9			
1020.9			
1021.9			
1022.9			
1023.9			
1024.9			
1025.9			
1026.9			
1027.8			
1028.8			
1029.8			
1030.8			
1031.8			
1032.8			
1033.8			
1034.8			
1035.7			
1036.7			
1037.7			
1038.7			
1039.7			
1040.7			
1041.7			
1042.7			
1043.7			
1044.6			
1045.6			
1046.6			
1047.6			
1048.6			
1049.6			
1050.6			
1051.6			
1052.5			
1053.5			
1054.5			
1055.5			
1056.5			
1057.5			
1058.5			
1059.5			
1060.4			
1061.4			
1062.4			
1063.4			
1064.4			
1065.4			
1066.4			
1067.4			
1068.3			
1069.3			
1070.3			
1071.3			
1072.3			
1073.3			
1074.3			
1075.3			
1076.2			
1077.2			
1078.2			
1079.2			
1080.2			
1081.2			
1082.2			
1083.2			
1084.1			
1085.1			
1086.1			
1087.1			
1088.1			
1089.1			
1090.1			
1091.1			
1092.0			
1093.0			
1094.0			
1095.0			
1096.0			
1097.0			
1098.0			
1099.0			
1099.9			
1100.9			
1101.9			
1102.9			
1103.9			
1104.9			
1105.9			
1106.9			
1107.8			
1108.8			
1109.8			
1110.8			
1111.8			
1112.8			
1113.8			
1114.8			
1115.7			
1116.7			
1117.7			
1118.7			
1119.7			
1120.7			
1121.7			
1122.7			
1123.6			
1124.6			
1125.6			
1126.6			
1127.6			
1128.6			
1129.6			
1130.5			
1131.5			
1132.5			
1133.5			
1134.5			
1135.5			
1136.5			
1137.5			
1138.4			
1139.4			
1140.4			
1141.4			
1142.4			
1143.4			
1144.4			
1145.4			
1146.3			
1147.3			
1148.3			
1149.3			
1150.3			
1151.3			
1152.3			
1153.3			
1154.2			
1155.2			
1156.2			
1157.2			
1158.2			
1159.2			
1160.2			
1161.2			
1162.1			
1163.1			
1164.1			
1165.1			
1166.1			
1167.1			
1168.1			
1169.1			
1170.0			
1171.0			
1172.0			
1173.0			
1174.0			
1175.0			
1176.0			
1176.9			
1177.9			
1178.9			
1179.9			
1180.9			
1181.9			
1182.9			
1183.9			
1184.8			
1185.8			
1186.8			
1187.8			
1188.8			
1189.8			
1190.8			
1191.8			
1192.7			
1193.7			
1194.7			
1195.7			
1196.7			
1197.7			
1198.7			
1199.6			
1200.6			
1201.6			
1202.6			
1203.6			
1204.6			
1205.6			
1206.6			
1207.5			
1208.5			
1209.5			
1210.5			
1211.5			
1212.5			
1213.5			
1214.5			
1215.4			
1216.4			
1217.4			
1218.4			
1219.4			
1220.4			
1221.4			
1222.3			
1223.3			
1224.3			
1225.3			
1226.3			
1227.3			
1228.3			
1229.3			
1230.2			
1231.2			
1232.2			
1233.2			
1234.2			
1235.2			
1236.2			
1237.1			
1238.1			
1239.1			
1240.1			
1241.1			
1242.1			
1243.1			
1244.1			
1245.0			
1246.0			
1247.0			
1248.0			
1249.0			
1250.0			
1251.0			
1252.0			
1252.9			
1253.9			
1254.9			
1255.9			
1256.9			
1257.9			
1258.9			
1259.8			
1260.8			
1261.8			
1262.8			
1263.8			
1264.8			
1265.8			
1266.8			
1267.7			
1268.7			
1269.7			
1270.7			
1271.7			
1272.7			
1273.7			
1274.6			
1275.6			
1276.6			
1277.6			
1278.6			
1279.6			
1280.6			
1281.5			
1282.5			
1283.5			
1284.5			
1285.5			
1286.5			
1287.5			
1288.5			
1289.4			
1290.4			
1291.4			
1292.4			
1293.4			
1294.4			
1295.4			
1296.3			
1297.3			
1298.3			
1299.3			
1300.3			
1301.3			
1302.3			
1303.3			
1304.2			
1305.2			
1306.2			
1307.2			
1308.2			
1309.2			
1310.2			
1311.1			
1312.1			
1313.1			
1314.1			
1315.1			
1316.1			
1317.1			
1318.1			
1319.0			
1320.0			
1321.0			
1322.0			
1323.0			
1324.0			
1325.0			
1325.9			
1326.9			
1327.9			
1328.9			
1329.9			
1330.9			
1331.9			
1332.8			
1333.8			
1334.8			
1335.8			
1336.8			
1337.8			
1338.8			
1339.7			
1340.7			
1341.7			
1342.7			
1343.7			
1344.7			
1345.7			
1346.7			
1347.6			
1348.6			
1349.6			
1350.6			
1351.6			
1352.6			
1353.6			
1354.5			
1355.5			
1356.5			
1357.5			
1358.5			
1359.5			
1360.5			
1361.4			
1362.4			
1363.4			
1364.4			
1365.4			
1366.4			
1367.4			
1368.4			
1369.3			
1370.3			
1371.3			
1372.3			
1373.3			
1374.3			
1375.3			
1376.2			
1377.2			
1378.2			
1379.2			
1380.2			
1381.2			
1382.2			
1383.1			
1384.1			
1385.1			
1386.1			
1387.1			
1388.1			
1389.1			
1390.0			
1391.0			
1392.0			
1393.0			
1394.0			
1395.0			
1396.0			
1396.9			
1397.9			
1398.9			
1399.9			
1400.9			
1401.9			
1402.9			
1403.8			
1404.8			
1405.8			
1406.8			
1407.8			
1408.8			
1409.8			
1410.8			
1411.7			
1412.7			
1413.7			
1414.7			
1415.7			
1416.7			
1417.7			
1418.6			
1419.6			
1420.6			
1421.6			
1422.6			
1423.6			
1424.6			
1425.5			
1426.5			
1427.5			
1428.5			
1429.5			
1430.5			
1431.5			
1432.4			
1433.4			
1434.4			
1435.4			
1436.4			
1437.4			
1438.4			
1439.3			
1440.3			
1441.3			
1442.3			
1443.3			
1444.3			
1445.3			
1446.2			
1447.2			
1448.2			
1449.2			
1450.2			
1451.2			
1452.2			
1453.1			
1454.1			
1455.1			
1456.1			
1457.1			
1458.1			
1459.1			
1460.0			
1461.0			
1462.0			
1463.0			
1464.0			
1465.0			
1466.0			
1466.9			
1467.9			
1468.9			
1469.9			
1470.9			
1471.9			
1472.9			
1473.8			
1474.8			
1475.8			
1476.8			
1477.8			
1478.8			
1479.8			
1480.7			
1481.7			
1482.7			
1483.7			
1484.7			
1485.7			
1486.7			
1487.6			
1488.6			
1489.6			
1490.6			
1491.6			
1492.6			
1493.6			
1494.5			
1495.5			
1496.5			
1497.5			
1498.5			
1499.5			
1500.5			
1501.4			
1502.4			
1503.4			
1504.4			
1505.4			
1506.4			
1507.4			
1508.3			
1509.3			
1510.3			
1511.3			
1512.3			
1513.3			
1514.3			
1515.2			
1516.2			
1517.2			
1518.2			
1519.2			
1520.2			
1521.2			
1522.1			
1523.1			
1524.1			
1525.1			
1526.1			
1527.1			
1528.0			
1529.0			
1530.0			
1531.0			
1532.0			
1533.0			
1534.0			
1534.9			
1535.9			
1536.9			
1537.9			
1538.9			
1539.9			
1540.9			
1541.8			
1542.8			
1543.8			
1544.8			
1545.8			
1546.8			
1547.8			
1548.7			
1549.7			
1550.7			
1551.7			
1552.7			
1553.7			
1554.7			
1555.6			
1556.6			
1557.6			
1558.6			
1559.6			
1560.6			
1561.6			
1562.5			
1563.5			
1564.5			
1565.5			
1566.5			
1567.5			
1568.4			
1569.4			
1570.4			
1571.4			
1572.4			
1573.4			
1574.4			
1575.3			
1576.3			
1577.3			
1578.3			
1579.3			
1580.3			
1581.3			
1582.2			
1583.2			
1584.2			
1585.2			
1586.2			
1587.2			
1588.2			
1589.1			
1590.1			
1591.1			
1592.1			
1593.1			
1594.1			
1595.0			
1596.0			
1597.0			
1598.0			
1599.0			
1600.0			
1601.0			
1601.9			
1602.9			
1603.9			
1604.9			
1605.9			
1606.9			
1607.9			
1608.8			
1609.8			
1610.8			
1611.8			
1612.8			
1613.8			
1614.7			
1615.7			
1616.7			
1617.7			
1618.7			
1619.7			
1620.7			
1621.6			
1622.6			
1623.6			
1624.6			
1625.6			
1626.6			
1627.6			
1628.5			
1629.5			
1630.5			
1631.5			
1632.5			
1633.5			
1634.4			
1635.4			
1636.4			
1637.4			
1638.4			
1639.4			
1640.4			
1641.3			
1642.3			
1643.3			
1644.3			
1645.3			
1646.3			
1647.3			
1648.2			
1649.2			
1650.2			
1651.2			
1652.2			
1653.2			
1654.1			
1655.1			
1656.1			
1657.1			
1658.1			
1659.1			
1660.1			
1661.0			
1662.0			
1663.0			
1664.0			
1665.0			
1666.0			
1666.9			
1667.9			
1668.9			
1669.9			
1670.9			
1671.9			
1672.9			
1673.8			
1674.8			
1675.8			
1676.8			
1677.8			
1678.8			
1679.7			
1680.7			
1681.7			
1682.7			
1683.7			
1684.7			
1685.7			
1686.6			
1687.6			
1688.6			
1689.6			
1690.6			
1691.6			
1692.5			
1693.5			
1694.5			
1695.5			
1696.5			
1697.5			
1698.5			
1699.4			
1700.4			
1701.4			
1702.4			
1703.4			
1704.4			
1705.3			
1706.3			
1707.3			
1708.3			
1709.3			
1710.3			
1711.3			
1712.2			
1713.2			
1714.2			
1715.2			
1716.2			
1717.2			
1718.1			
1719.1			
1720.1			
1721.1			
1722.1			
1723.1			
1724.1			
1725.0			
1726.0			
1727.0			
1728.0			
1729.0			
1730.0			
1730.9			
1731.9			
1732.9			
1733.9			
1734.9			
1735.9			
1736.9			
1737.8			
1738.8			
1739.8			
1740.8			
1741.8			
1742.8			
1743.7			
1744.7			
1745.7			
1746.7			
1747.7			
1748.7			
1749.7			
1750.6			
1751.6			
1752.6			
1753.6			
1754.6			
1755.6			
1756.5			
1757.5			
1758.5			
1759.5			
1760.5			
1761.5			
1762.4			
1763.4			
1764.4			
1765.4			
1766.4			
1767.4			
1768.4			
1769.3			
1770.3			
1771.3			
1772.3			
1773.3			
1774.3			
1775.2			
1776.2			
1777.2			
1778.2			
1779.2			
1780.2			
1781.1			
1782.1			
1783.1			
1784.1			
1785.1			
1786.1			
1787.1			
1788.0			
1789.0			
1790.0			
1791.0			
1792.0			
1793.0			
1793.9			
1794.9			
1795.9			
1796.9			
1797.9			
1798.9			
1799.8			
1800.8			
1801.8			
1802.8			
1803.8			
1804.8			
1805.8			
1806.7			
1807.7			
1808.7			
1809.7			
1810.7			
1811.7			
1812.6			
1813.6			
1814.6			
1815.6			
1816.6			
1817.6			
1818.5			
1819.5			
1820.5			
1821.5			
1822.5			
1823.5			
1824.5			
1825.4			
1826.4			
1827.4			
1828.4			
1829.4			
1830.4			
1831.3			
1832.3			
1833.3			
1834.3			
1835.3			
1836.3			
1837.2			
1838.2			
1839.2			
1840.2			
1841.2			
1842.2			
1843.1			
1844.1			
1845.1			
1846.1			
1847.1			
1848.1			
1849.1			
1850.0			
1851.0			
1852.0			
1853.0			
1854.0			
1855.0			
1855.9			
1856.9			
1857.9			
1858.9			
1859.9			
1860.9			
1861.8			
1862.8			
1863.8			
1864.8			
1865.8			
1866.8			
1867.7			
1868.7			
1869.7			
1870.7			
1871.7			
1872.7			
1873.6			
1874.6			
1875.6			
1876.6			
1877.6			
1878.6			
1879.6			
1880.5			
1881.5			
1882.5			
1883.5			
1884.5			
1885.5			
1886.4			
1887.4			
1888.4			
1889.4			
1890.4			
1891.4			
1892.3			
1893.3			
1894.3			
1895.3			
1896.3			
1897.3			
1898.2			
1899.2			
1900.2			
1901.2			
1902.2			
1903.2			
1904.1			
1905.1			
1906.1			
1907.1			
1908.1			
1909.1			
1910.0			
1911.0			
1912.0			
1913.0			
1914.0			
1915.0			
1915.9			
1916.9			
1917.9			
1918.9			
1919.9			
1920.9			
1921.8			
1922.8			
1923.8			
1924.8			
1925.8			
1926.8			
1927.8			
1928.7			
1929.7			
1930.7			
1931.7			
1932.7			
1933.7			
1934.6			
1935.6			
1936.6			
1937.6			
1938.6			
1939.6			
1940.5			
1941.5			
1942.5			
1943.5			
1944.5			
1945.5			
1946.4			
1947.4			
1948.4			
1949.4			
1950.4			
1951.4			
1952.3			
1953.3			
1954.3			
1955.3			
1956.3			
1957.3			
1958.2			
1959.2			
1960.2			
1961.2			
1962.2			
1963.2			
1964.1			
1965.1			
1966.1			
1967.1			
1968.1			
1969.1			
1970.0			
1971.0			
1972.0			
1973.0			
1974.0			
1975.0			
1975.9			
1976.9			
1977.9			
1978.9			
1979.9			
1980.9			
1981.8			
1982.8			
1983.8			
1984.8			
1985.8			
1986.8			
1987.7			
1988.7			
1989.7			
1990.7			
1991.7			
1992.7			
1993.6			
1994.6			
1995.6			
1996.6			
1997.6			
1998.6			
1999.5			
2000.5			
2001.5			
2002.5			
2003.5			
2004.5			
2005.4			
2006.4			
2007.4			
2008.4			
2009.4			
2010.4			
2011.3			
2012.3			
2013.3			
2014.3			
2015.3			
2016.3			
2017.2			
2018.2			
2019.2			
2020.2			
2021.2			
2022.2			
2023.1			
2024.1			
2025.1			
2026.1			
2027.1			
2028.0			
2029.0			
2030.0			
2031.0			
2032.0			
2033.0			
2033.9			
2034.9			
2035.9			
2036.9			
2037.9			
2038.9			
2039.8			
2040.8			
2041.8			
2042.8			
2043.8			
2044.8			
2045.7			
2046.7			
2047.7			
2048.7			
2049.7			
2050.7			
2051.6			
2052.6			
2053.6			
2054.6			
2055.6			
2056.6			
2057.5			
2058.5			
2059.5			
2060.5			
2061.5			
2062.5			
2063.4			
2064.4			
2065.4			
2066.4			
2067.4			
2068.4			
2069.3			
2070.3			
2071.3			
2072.3			
2073.3			
2074.3			
2075.2			
2076.2			
2077.2			
2078.2			
2079.2			
2080.1			
2081.1			
2082.1			
2083.1			
2084.1			
2085.1			
2086.0			
2087.0			
2088.0			
2089.0			
2090.0			
2091.0			
2091.9			
2092.9			
2093.9			
2094.9			
2095.9			
2096.9			
2097.8			
2098.8			
2099.8			
2100.8			
2101.8			
2102.8			
2103.7			
2104.7			
2105.7			
2106.7			
2107.7			
2108.6			
2109.6			
2110.6			
2111.6			
2112.6			
2113.6			
2114.5			
2115.5			
2116.5			
2117.5			
2118.5			
2119.5			
2120.4			
2121.4			
2122.4			
2123.4			
2124.4			
2125.4			
2126.3			
2127.3			
2128.3			
2129.3			
2130.3			
2131.2			
2132.2			
2133.2			
2134.2			
2135.2			
2136.2			
2137.1			
2138.1			
2139.1			
2140.1			
2141.1			
2142.1			
2143.0			
2144.0			
2145.0			
2146.0			
2147.0			
