Depth [m]	Temperature [degC]	Salinity [PSU]	Oxygen [umol/kg]
1.0	21.715	36.618	214.74
2.0	21.715	36.618	215.84
3.0	21.715	36.618	216.95
4.0	21.715	36.618	218.08
5.0	21.715	36.618	219.24
6.0	21.716	36.617	220.45
6.9	21.718	36.617	221.72
7.9	21.719	36.617	223.0
8.9	21.72	36.617	224.26
9.9	21.72	36.617	225.45
10.9	21.719	36.617	226.55
11.9	21.718	36.617	227.54
12.9	21.717	36.617	228.41
13.9	21.717	36.617	229.15
14.9	21.717	36.617	229.77
15.9	21.718	36.617	230.25
16.9	21.717	36.618	230.62
17.9	21.712	36.618	230.88
18.9	21.705	36.618	231.06
19.9	21.697	36.617	231.2
20.8	21.689	36.616	231.31
21.8	21.681	36.615	231.4
22.8	21.677	36.615	231.49
23.8	21.667	36.617	231.59
24.8	21.641	36.619	231.72
25.8	21.606	36.618	231.86
26.8	21.577	36.614	232.04
27.8	21.559	36.611	232.24
28.8	21.544	36.61	232.51
29.8	21.519	36.611	232.84
30.8	21.484	36.611	233.26
31.8	21.444	36.61	233.78
32.8	21.362	36.612	234.42
33.7	21.201	36.613	235.17
34.7	21.03	36.6	236.04
35.7	20.935	36.583	237.01
36.7	20.805	36.576	238.1
37.7	20.368	36.568	239.3
38.7	19.873	36.542	240.57
39.7	19.672	36.52	241.9
40.7	19.502	36.512	243.27
41.7	19.286	36.508	244.64
42.7	19.073	36.49	245.98
43.7	18.89	36.468	247.27
44.7	18.668	36.456	248.5
45.7	18.454	36.441	249.63
46.7	18.353	36.428	250.68
47.6	18.281	36.425	251.61
48.6	18.156	36.422	252.42
49.6	18.023	36.411	253.1
50.6	17.926	36.401	253.64
51.6	17.848	36.398	254.05
52.6	17.776	36.393	254.35
53.6	17.711	36.39	254.55
54.6	17.602	36.393	254.65
55.6	17.464	36.385	254.64
56.6	17.365	36.366	254.51
57.6	17.321	36.355	254.27
58.6	17.296	36.354	253.95
59.6	17.263	36.357	253.56
60.5	17.223	36.358	253.12
61.5	17.194	36.353	252.62
62.5	17.168	36.349	252.02
63.5	17.136	36.347	251.31
64.5	17.086	36.346	250.49
65.5	17.003	36.35	249.59
66.5	16.899	36.354	248.68
67.5	16.796	36.349	247.77
68.5	16.727	36.331	246.83
69.5	16.701	36.315	245.81
70.5	16.687	36.311	244.74
71.5	16.651	36.312	243.62
72.5	16.602	36.312	242.51
73.4	16.562	36.309	241.49
74.4	16.525	36.303	240.59
75.4	16.498	36.295	239.78
76.4	16.478	36.291	239.01
77.4	16.457	36.289	238.23
78.4	16.429	36.289	237.44
79.4	16.398	36.289	236.68
80.4	16.373	36.284	235.97
81.4	16.358	36.279	235.3
82.4	16.346	36.277	234.65
83.4	16.306	36.275	233.96
84.4	16.227	36.271	233.2
85.4	16.147	36.259	232.35
86.3	16.096	36.247	231.43
87.3	16.066	36.241	230.47
88.3	16.042	36.236	229.5
89.3	16.027	36.232	228.53
90.3	16.011	36.23	227.56
91.3	15.992	36.229	226.59
92.3	15.958	36.228	225.6
93.3	15.902	36.224	224.57
94.3	15.841	36.213	223.51
95.3	15.797	36.202	222.42
96.3	15.761	36.196	221.32
97.3	15.725	36.191	220.22
98.3	15.697	36.184	219.16
99.2	15.683	36.179	218.12
100.2	15.674	36.176	217.11
101.2	15.666	36.174	216.12
102.2	15.652	36.174	215.16
103.2	15.611	36.169	214.28
104.2	15.567	36.163	213.55
105.2	15.549	36.16	212.98
106.2	15.524	36.157	212.57
107.2	15.504	36.155	212.32
108.2	15.487	36.152	212.17
109.2	15.48	36.149	212.1
110.2	15.47	36.149	212.08
111.2	15.448	36.148	212.1
112.1	15.421	36.144	212.14
113.1	15.401	36.14	212.19
114.1	15.382	36.137	212.24
115.1	15.357	36.134	212.25
116.1	15.329	36.129	212.22
117.1	15.315	36.123	212.14
118.1	15.308	36.119	212.0
119.1	15.299	36.118	211.82
120.1	15.277	36.116	211.61
121.1	15.248	36.112	211.38
122.1	15.222	36.109	211.17
123.1	15.19	36.107	211.0
124.0	15.161	36.1	210.86
125.0	15.149	36.093	210.73
126.0	15.141	36.09	210.58
127.0	15.119	36.089	210.41
128.0	15.078	36.084	210.23
129.0	15.027	36.077	210.06
130.0	14.978	36.068	209.89
131.0	14.94	36.061	209.73
132.0	14.912	36.056	209.56
133.0	14.882	36.049	209.38
134.0	14.854	36.042	209.17
135.0	14.828	36.036	208.94
136.0	14.807	36.03	208.7
136.9	14.796	36.027	208.48
137.9	14.791	36.026	208.29
138.9	14.786	36.025	208.13
139.9	14.776	36.024	208.0
140.9	14.759	36.023	207.89
141.9	14.742	36.02	207.78
142.9	14.727	36.016	207.69
143.9	14.711	36.014	207.61
144.9	14.691	36.011	207.54
145.9	14.676	36.008	207.49
146.9	14.668	36.005	207.45
147.9	14.662	36.004	207.41
148.8	14.646	36.003	207.37
149.8	14.62	36.001	207.33
150.8	14.599	35.996	207.27
151.8	14.588	35.993	207.22
152.8	14.583	35.99	207.17
153.8	14.579	35.99	207.13
154.8	14.566	35.99	207.1
155.8	14.552	35.988	207.07
156.8	14.54	35.986	207.05
157.8	14.523	35.984	207.02
158.8	14.5	35.98	207.0
159.8	14.481	35.976	206.98
160.8	14.472	35.974	206.95
161.7	14.464	35.972	206.92
162.7	14.457	35.971	206.9
163.7	14.443	35.971	206.86
164.7	14.415	35.97	206.82
165.7	14.376	35.966	206.76
166.7	14.351	35.959	206.71
167.7	14.337	35.956	206.64
168.7	14.307	35.956	206.58
169.7	14.274	35.949	206.52
170.7	14.254	35.943	206.45
171.7	14.239	35.94	206.38
172.7	14.228	35.938	206.31
173.6	14.224	35.936	206.24
174.6	14.221	35.935	206.18
175.6	14.219	35.935	206.13
176.6	14.214	35.935	206.08
177.6	14.204	35.935	206.05
178.6	14.191	35.934	206.01
179.6	14.173	35.933	205.96
180.6	14.148	35.931	205.91
181.6	14.125	35.927	205.86
182.6	14.111	35.923	205.81
183.6	14.099	35.921	205.76
184.6	14.077	35.92	205.72
185.5	14.044	35.917	205.66
186.5	14.018	35.911	205.59
187.5	13.999	35.907	205.51
188.5	13.982	35.906	205.42
189.5	13.963	35.904	205.32
190.5	13.95	35.901	205.23
191.5	13.942	35.899	205.15
192.5	13.93	35.898	205.08
193.5	13.917	35.896	205.0
194.5	13.91	35.893	204.93
195.5	13.906	35.892	204.86
196.5	13.895	35.893	204.78
197.5	13.871	35.894	204.72
198.4	13.848	35.89	204.66
199.4	13.835	35.885	204.61
200.4	13.832	35.883	204.58
201.4	13.822	35.883	204.55
202.4	13.805	35.881	204.51
203.4	13.791	35.878	204.47
204.4	13.78	35.876	204.43
205.4	13.772	35.875	204.39
206.4	13.763	35.875	204.36
207.4	13.75	35.875	204.34
208.4	13.734	35.873	204.33
209.4	13.719	35.87	204.32
210.3	13.699	35.867	204.32
211.3	13.682	35.864	204.32
212.3	13.668	35.861	204.32
213.3	13.652	35.86	204.33
214.3	13.63	35.859	204.35
215.3	13.607	35.856	204.39
216.3	13.588	35.851	204.43
217.3	13.581	35.846	204.46
218.3	13.578	35.845	204.49
219.3	13.571	35.845	204.51
220.3	13.558	35.845	204.52
221.3	13.543	35.844	204.52
222.2	13.529	35.842	204.51
223.2	13.518	35.839	204.49
224.2	13.506	35.838	204.47
225.2	13.492	35.837	204.43
226.2	13.478	35.835	204.38
227.2	13.47	35.834	204.31
228.2	13.463	35.833	204.25
229.2	13.453	35.832	204.18
230.2	13.44	35.831	204.11
231.2	13.424	35.83	204.04
232.2	13.411	35.828	203.96
233.2	13.403	35.826	203.88
234.1	13.399	35.825	203.81
235.1	13.393	35.825	203.73
236.1	13.386	35.825	203.65
237.1	13.375	35.824	203.58
238.1	13.363	35.823	203.5
239.1	13.352	35.822	203.43
240.1	13.343	35.821	203.35
241.1	13.335	35.82	203.29
242.1	13.327	35.819	203.22
243.1	13.313	35.819	203.16
244.1	13.294	35.818	203.1
245.0	13.276	35.814	203.05
246.0	13.259	35.811	203.0
247.0	13.247	35.809	202.95
248.0	13.238	35.807	202.91
249.0	13.23	35.806	202.87
250.0	13.224	35.805	202.83
251.0	13.218	35.804	202.79
252.0	13.211	35.804	202.75
253.0	13.2	35.804	202.7
254.0	13.188	35.803	202.65
255.0	13.175	35.801	202.6
256.0	13.165	35.799	202.55
256.9	13.158	35.798	202.5
257.9	13.144	35.798	202.45
258.9	13.123	35.796	202.39
259.9	13.106	35.793	202.32
260.9	13.094	35.791	202.24
261.9	13.087	35.789	202.16
262.9	13.081	35.788	202.09
263.9	13.072	35.787	202.03
264.9	13.062	35.786	201.97
265.9	13.054	35.784	201.91
266.9	13.048	35.783	201.84
267.9	13.042	35.783	201.77
268.8	13.033	35.783	201.71
269.8	13.024	35.782	201.66
270.8	13.013	35.781	201.64
271.8	13.0	35.78	201.62
272.8	12.985	35.778	201.62
273.8	12.974	35.775	201.61
274.8	12.969	35.773	201.6
275.8	12.965	35.773	201.59
276.8	12.962	35.772	201.58
277.8	12.954	35.773	201.58
278.8	12.94	35.773	201.59
279.7	12.93	35.771	201.59
280.7	12.919	35.769	201.58
281.7	12.904	35.769	201.56
282.7	12.886	35.768	201.54
283.7	12.866	35.765	201.51
284.7	12.849	35.762	201.48
285.7	12.835	35.76	201.45
286.7	12.821	35.758	201.41
287.7	12.809	35.756	201.37
288.7	12.797	35.754	201.34
289.7	12.787	35.753	201.31
290.7	12.778	35.751	201.27
291.6	12.768	35.75	201.23
292.6	12.756	35.75	201.19
293.6	12.738	35.749	201.15
294.6	12.72	35.747	201.12
295.6	12.708	35.743	201.09
296.6	12.697	35.742	201.06
297.6	12.678	35.741	201.03
298.6	12.659	35.738	201.0
299.6	12.647	35.735	200.96
300.6	12.642	35.734	200.93
301.6	12.637	35.733	200.9
302.5	12.63	35.732	200.88
303.5	12.624	35.731	200.86
304.5	12.62	35.731	200.83
305.5	12.61	35.73	200.81
306.5	12.596	35.73	200.78
307.5	12.58	35.728	200.75
308.5	12.563	35.727	200.71
309.5	12.548	35.725	200.68
310.5	12.535	35.722	200.65
311.5	12.525	35.721	200.62
312.5	12.517	35.719	200.59
313.5	12.51	35.717	200.55
314.4	12.506	35.716	200.5
315.4	12.503	35.715	200.45
316.4	12.502	35.715	200.4
317.4	12.5	35.715	200.35
318.4	12.496	35.715	200.31
319.4	12.491	35.715	200.27
320.4	12.485	35.715	200.24
321.4	12.476	35.714	200.2
322.4	12.465	35.713	200.15
323.4	12.455	35.712	200.11
324.4	12.447	35.711	200.06
325.3	12.439	35.71	200.03
326.3	12.431	35.709	199.99
327.3	12.424	35.708	199.96
328.3	12.42	35.707	199.94
329.3	12.416	35.707	199.91
330.3	12.412	35.706	199.87
331.3	12.411	35.705	199.83
332.3	12.409	35.705	199.8
333.3	12.407	35.705	199.77
334.3	12.403	35.705	199.75
335.3	12.396	35.706	199.73
336.2	12.387	35.705	199.72
337.2	12.38	35.703	199.7
338.2	12.374	35.702	199.69
339.2	12.37	35.701	199.68
340.2	12.367	35.701	199.65
341.2	12.362	35.701	199.62
342.2	12.357	35.7	199.58
343.2	12.35	35.7	199.53
344.2	12.34	35.7	199.47
345.2	12.333	35.699	199.41
346.2	12.325	35.698	199.34
347.1	12.316	35.698	199.27
348.1	12.306	35.697	199.18
349.1	12.299	35.696	199.07
350.1	12.292	35.695	198.95
351.1	12.285	35.694	198.83
352.1	12.277	35.694	198.71
353.1	12.268	35.694	198.61
354.1	12.259	35.694	198.51
355.1	12.251	35.692	198.41
356.1	12.246	35.691	198.31
357.1	12.241	35.691	198.2
358.0	12.236	35.69	198.08
359.0	12.229	35.69	197.96
360.0	12.221	35.689	197.86
361.0	12.213	35.689	197.79
362.0	12.207	35.688	197.75
363.0	12.202	35.687	197.73
364.0	12.198	35.686	197.69
365.0	12.194	35.685	197.65
366.0	12.191	35.684	197.61
367.0	12.187	35.685	197.57
368.0	12.178	35.685	197.55
368.9	12.167	35.684	197.56
369.9	12.159	35.683	197.57
370.9	12.15	35.682	197.59
371.9	12.138	35.681	197.59
372.9	12.126	35.68	197.56
373.9	12.114	35.678	197.53
374.9	12.106	35.677	197.51
375.9	12.101	35.676	197.51
376.9	12.098	35.675	197.53
377.9	12.096	35.675	197.55
378.9	12.093	35.675	197.56
379.8	12.087	35.675	197.57
380.8	12.082	35.674	197.58
381.8	12.08	35.673	197.59
382.8	12.079	35.672	197.61
383.8	12.075	35.673	197.64
384.8	12.068	35.674	197.67
385.8	12.058	35.673	197.69
386.8	12.049	35.671	197.67
387.8	12.043	35.67	197.64
388.8	12.038	35.669	197.58
389.8	12.035	35.668	197.52
390.7	12.032	35.668	197.45
391.7	12.028	35.669	197.38
392.7	12.021	35.669	197.3
393.7	12.014	35.668	197.21
394.7	12.008	35.667	197.11
395.7	12.001	35.666	197.0
396.7	11.994	35.666	196.89
397.7	11.988	35.665	196.8
398.7	11.984	35.665	196.74
399.7	11.981	35.665	196.69
400.7	11.978	35.664	196.66
401.6	11.976	35.664	196.63
402.6	11.974	35.664	196.6
403.6	11.972	35.664	196.57
404.6	11.969	35.664	196.53
405.6	11.967	35.664	196.5
406.6	11.962	35.664	196.49
407.6	11.954	35.665	196.49
408.6	11.947	35.665	196.49
409.6	11.938	35.664	196.47
410.6	11.934	35.662	196.43
411.6	11.932	35.662	196.38
412.5	11.929	35.662	196.32
413.5	11.926	35.662	196.26
414.5	11.92	35.662	196.2
415.5	11.911	35.662	196.14
416.5	11.904	35.661	196.06
417.5	11.899	35.66	195.94
418.5	11.897	35.659	195.79
419.5	11.89	35.66	195.62
420.5	11.879	35.66	195.46
421.5	11.865	35.658	195.3
422.5	11.855	35.656	195.14
423.4	11.85	35.655	194.99
424.4	11.844	35.654	194.82
425.4	11.838	35.654	194.64
426.4	11.831	35.654	194.46
427.4	11.822	35.653	194.29
428.4	11.811	35.653	194.16
429.4	11.804	35.652	194.07
430.4	11.8	35.651	194.0
431.4	11.797	35.652	193.95
432.4	11.79	35.652	193.88
433.3	11.782	35.651	193.82
434.3	11.777	35.65	193.74
435.3	11.774	35.651	193.67
436.3	11.773	35.651	193.62
437.3	11.773	35.651	193.6
438.3	11.771	35.653	193.58
439.3	11.768	35.654	193.56
440.3	11.764	35.655	193.51
441.3	11.759	35.655	193.43
442.3	11.752	35.655	193.31
443.3	11.745	35.654	193.19
444.2	11.741	35.653	193.08
445.2	11.738	35.654	192.97
446.2	11.732	35.654	192.87
447.2	11.728	35.654	192.77
448.2	11.724	35.655	192.64
449.2	11.718	35.655	192.48
450.2	11.709	35.654	192.32
451.2	11.701	35.652	192.17
452.2	11.694	35.651	192.06
453.2	11.683	35.651	192.0
454.2	11.673	35.649	191.98
455.1	11.67	35.647	191.98
456.1	11.671	35.646	191.98
457.1	11.676	35.648	191.97
458.1	11.683	35.65	191.94
459.1	11.687	35.654	191.91
460.1	11.685	35.656	191.9
461.1	11.679	35.657	191.89
462.1	11.671	35.657	191.89
463.1	11.666	35.656	191.87
464.1	11.663	35.655	191.82
465.0	11.657	35.655	191.73
466.0	11.651	35.655	191.63
467.0	11.643	35.655	191.52
468.0	11.637	35.654	191.44
469.0	11.633	35.653	191.4
470.0	11.63	35.653	191.39
471.0	11.628	35.652	191.39
472.0	11.625	35.652	191.38
473.0	11.621	35.653	191.36
474.0	11.616	35.653	191.34
475.0	11.612	35.653	191.3
475.9	11.611	35.653	191.26
476.9	11.612	35.653	191.2
477.9	11.612	35.653	191.13
478.9	11.611	35.653	191.03
479.9	11.61	35.654	190.9
480.9	11.606	35.655	190.74
481.9	11.6	35.655	190.56
482.9	11.592	35.654	190.37
483.9	11.585	35.654	190.17
484.9	11.577	35.654	189.98
485.8	11.569	35.655	189.79
486.8	11.561	35.655	189.64
487.8	11.554	35.656	189.53
488.8	11.546	35.656	189.43
489.8	11.537	35.656	189.35
490.8	11.53	35.656	189.28
491.8	11.527	35.655	189.22
492.8	11.526	35.655	189.16
493.8	11.526	35.655	189.12
494.8	11.526	35.655	189.1
495.7	11.525	35.655	189.09
496.7	11.524	35.655	189.09
497.7	11.521	35.656	189.09
498.7	11.518	35.656	189.07
499.7	11.515	35.656	189.05
500.7	11.513	35.656	189.04
501.7	11.512	35.656	189.04
502.7	11.51	35.656	189.04
503.7	11.507	35.657	189.06
504.7	11.504	35.657	189.07
505.7	11.501	35.658	189.08
506.6	11.498	35.658	189.08
507.6	11.496	35.659	189.08
508.6	11.492	35.661	189.08
509.6	11.487	35.664	189.08
510.6	11.481	35.666	189.08
511.6	11.474	35.667	189.08
512.6	11.467	35.667	189.09
513.6	11.463	35.667	189.1
514.6	11.462	35.667	189.11
515.6	11.462	35.667	189.11
516.5	11.462	35.667	189.12
517.5	11.46	35.667	189.14
518.5	11.457	35.667	189.15
519.5	11.455	35.667	189.15
520.5	11.453	35.667	189.15
521.5	11.451	35.668	189.15
522.5	11.45	35.669	189.13
523.5	11.449	35.67	189.11
524.5	11.449	35.671	189.08
525.5	11.449	35.671	189.04
526.4	11.448	35.671	189.01
527.4	11.449	35.672	188.97
528.4	11.451	35.673	188.94
529.4	11.456	35.676	188.9
530.4	11.463	35.681	188.88
531.4	11.468	35.686	188.87
532.4	11.468	35.688	188.87
533.4	11.467	35.689	188.87
534.4	11.465	35.689	188.87
535.4	11.462	35.689	188.88
536.3	11.458	35.689	188.88
537.3	11.455	35.689	188.89
538.3	11.454	35.688	188.89
539.3	11.456	35.689	188.88
540.3	11.46	35.69	188.86
541.3	11.464	35.692	188.81
542.3	11.47	35.694	188.75
543.3	11.478	35.698	188.66
544.3	11.477	35.702	188.55
545.3	11.467	35.705	188.44
546.2	11.448	35.706	188.31
547.2	11.423	35.704	188.17
548.2	11.411	35.699	188.01
549.2	11.411	35.697	187.84
550.2	11.415	35.699	187.67
551.2	11.416	35.702	187.5
552.2	11.414	35.703	187.34
553.2	11.415	35.705	187.21
554.2	11.418	35.707	187.09
555.2	11.419	35.709	186.99
556.1	11.419	35.71	186.9
557.1	11.421	35.71	186.82
558.1	11.423	35.711	186.76
559.1	11.429	35.712	186.73
560.1	11.445	35.715	186.74
561.1	11.477	35.723	186.75
562.1	11.502	35.739	186.77
563.1	11.51	35.75	186.79
564.1	11.512	35.757	186.79
565.1	11.513	35.762	186.79
566.0	11.51	35.764	186.78
567.0	11.508	35.764	186.77
568.0	11.505	35.764	186.75
569.0	11.502	35.764	186.71
570.0	11.5	35.764	186.65
571.0	11.496	35.764	186.56
572.0	11.492	35.763	186.46
573.0	11.487	35.763	186.37
574.0	11.482	35.762	186.29
575.0	11.478	35.762	186.22
575.9	11.475	35.761	186.16
576.9	11.471	35.761	186.1
577.9	11.465	35.762	186.04
578.9	11.444	35.762	185.97
579.9	11.415	35.761	185.92
580.9	11.393	35.758	185.87
581.9	11.379	35.756	185.83
582.9	11.375	35.753	185.79
583.9	11.376	35.752	185.74
584.9	11.377	35.753	185.69
585.8	11.379	35.753	185.63
586.8	11.382	35.753	185.57
587.8	11.385	35.754	185.5
588.8	11.389	35.755	185.43
589.8	11.393	35.757	185.36
590.8	11.403	35.759	185.29
591.8	11.414	35.763	185.23
592.8	11.417	35.768	185.19
593.8	11.409	35.771	185.15
594.8	11.395	35.771	185.11
595.7	11.374	35.768	185.06
596.7	11.357	35.765	184.99
597.7	11.345	35.762	184.89
598.7	11.333	35.76	184.78
599.7	11.326	35.759	184.67
600.7	11.32	35.759	184.57
601.7	11.312	35.761	184.46
602.7	11.307	35.761	184.34
603.7	11.308	35.763	184.2
604.7	11.31	35.767	184.04
605.6	11.312	35.77	183.88
606.6	11.312	35.771	183.74
607.6	11.311	35.771	183.64
608.6	11.313	35.771	183.57
609.6	11.319	35.773	183.52
610.6	11.326	35.777	183.48
611.6	11.331	35.782	183.44
612.6	11.333	35.785	183.39
613.6	11.335	35.787	183.36
614.5	11.337	35.788	183.35
615.5	11.339	35.79	183.37
616.5	11.341	35.791	183.4
617.5	11.342	35.793	183.43
618.5	11.344	35.794	183.45
619.5	11.345	35.794	183.46
620.5	11.345	35.795	183.48
621.5	11.346	35.795	183.51
622.5	11.348	35.796	183.55
623.5	11.348	35.797	183.6
624.4	11.347	35.797	183.65
625.4	11.346	35.797	183.69
626.4	11.345	35.797	183.72
627.4	11.341	35.798	183.73
628.4	11.336	35.8	183.73
629.4	11.331	35.802	183.73
630.4	11.329	35.803	183.71
631.4	11.327	35.804	183.67
632.4	11.323	35.804	183.63
633.4	11.319	35.805	183.57
634.3	11.317	35.806	183.5
635.3	11.319	35.808	183.42
636.3	11.324	35.811	183.34
637.3	11.328	35.814	183.25
638.3	11.333	35.817	183.17
639.3	11.343	35.821	183.1
640.3	11.357	35.827	183.03
641.3	11.366	35.834	182.97
642.3	11.37	35.837	182.92
643.3	11.373	35.839	182.88
644.2	11.373	35.84	182.85
645.2	11.374	35.841	182.84
646.2	11.375	35.841	182.85
647.2	11.38	35.844	182.87
648.2	11.383	35.849	182.9
649.2	11.38	35.851	182.94
650.2	11.377	35.852	182.97
651.2	11.377	35.854	183.0
652.2	11.376	35.857	183.03
653.1	11.372	35.858	183.04
654.1	11.371	35.859	183.03
655.1	11.37	35.86	183.0
656.1	11.37	35.861	182.94
657.1	11.371	35.863	182.85
658.1	11.372	35.866	182.75
659.1	11.371	35.868	182.63
660.1	11.37	35.869	182.51
661.1	11.368	35.87	182.37
662.1	11.365	35.872	182.21
663.0	11.36	35.873	182.05
664.0	11.358	35.874	181.91
665.0	11.357	35.874	181.79
666.0	11.357	35.874	181.69
667.0	11.357	35.874	181.63
668.0	11.357	35.875	181.59
669.0	11.357	35.875	181.55
670.0	11.356	35.876	181.51
671.0	11.352	35.878	181.47
671.9	11.344	35.879	181.43
672.9	11.335	35.879	181.39
673.9	11.326	35.879	181.35
674.9	11.316	35.878	181.31
675.9	11.308	35.875	181.23
676.9	11.304	35.873	181.13
677.9	11.3	35.873	180.99
678.9	11.291	35.873	180.83
679.9	11.275	35.872	180.65
680.9	11.262	35.869	180.48
681.8	11.259	35.867	180.33
682.8	11.254	35.869	180.17
683.8	11.225	35.87	180.02
684.8	11.206	35.865	179.86
685.8	11.195	35.861	179.69
686.8	11.182	35.86	179.51
687.8	11.17	35.857	179.35
688.8	11.163	35.856	179.21
689.8	11.15	35.856	179.08
690.7	11.139	35.853	178.96
691.7	11.132	35.851	178.84
692.7	11.127	35.849	178.7
693.7	11.118	35.848	178.55
694.7	11.104	35.847	178.4
695.7	11.088	35.844	178.27
696.7	11.074	35.841	178.15
697.7	11.067	35.838	178.06
698.7	11.063	35.837	177.97
699.6	11.059	35.837	177.87
700.6	11.048	35.837	177.75
701.6	11.032	35.837	177.61
702.6	11.007	35.835	177.45
703.6	10.97	35.836	177.29
704.6	10.928	35.83	177.13
705.6	10.889	35.82	176.97
706.6	10.864	35.812	176.8
707.6	10.849	35.805	176.59
708.6	10.845	35.801	176.36
709.5	10.845	35.8	176.12
710.5	10.846	35.801	175.89
711.5	10.849	35.802	175.68
712.5	10.85	35.804	175.5
713.5	10.852	35.805	175.35
714.5	10.851	35.807	175.22
715.5	10.842	35.808	175.1
716.5	10.826	35.808	175.01
717.5	10.798	35.806	174.94
718.4	10.778	35.802	174.9
719.4	10.782	35.797	174.89
720.4	10.805	35.803	174.9
721.4	10.822	35.811	174.92
722.4	10.83	35.818	174.94
723.4	10.831	35.821	174.96
724.4	10.825	35.822	174.98
725.4	10.816	35.822	175.01
726.4	10.809	35.82	175.02
727.3	10.792	35.82	175.04
728.3	10.772	35.819	175.03
729.3	10.749	35.815	174.99
730.3	10.735	35.81	174.92
731.3	10.73	35.808	174.83
732.3	10.729	35.808	174.72
733.3	10.733	35.811	174.6
734.3	10.716	35.815	174.47
735.3	10.678	35.811	174.32
736.3	10.657	35.8	174.15
737.2	10.658	35.794	173.96
738.2	10.679	35.793	173.76
739.2	10.716	35.802	173.56
740.2	10.764	35.813	173.39
741.2	10.767	35.828	173.24
742.2	10.686	35.824	173.1
743.2	10.628	35.808	172.97
744.2	10.61	35.796	172.84
745.2	10.606	35.792	172.72
746.1	10.607	35.791	172.61
747.1	10.613	35.792	172.53
748.1	10.62	35.795	172.46
749.1	10.624	35.798	172.4
750.1	10.624	35.799	172.35
751.1	10.619	35.8	172.31
752.1	10.609	35.799	172.27
753.1	10.589	35.799	172.23
754.1	10.569	35.795	172.19
755.0	10.552	35.792	172.14
756.0	10.534	35.789	172.09
757.0	10.525	35.784	172.04
758.0	10.534	35.783	171.98
759.0	10.551	35.788	171.93
760.0	10.562	35.794	171.87
761.0	10.578	35.798	171.82
762.0	10.6	35.804	171.78
763.0	10.611	35.811	171.73
763.9	10.615	35.813	171.71
764.9	10.616	35.814	171.72
765.9	10.617	35.814	171.78
766.9	10.619	35.814	171.87
767.9	10.68	35.822	172.01
768.9	10.748	35.842	172.18
769.9	10.774	35.856	172.39
770.9	10.794	35.863	172.64
771.9	10.802	35.869	172.91
772.8	10.809	35.871	173.21
773.8	10.835	35.874	173.52
774.8	10.868	35.882	173.83
775.8	10.887	35.898	174.14
776.8	10.856	35.906	174.42
777.8	10.8	35.899	174.67
778.8	10.784	35.887	174.87
779.8	10.766	35.883	175.0
780.8	10.74	35.878	175.07
781.7	10.704	35.875	175.07
782.7	10.659	35.868	175.04
783.7	10.615	35.858	174.96
784.7	10.584	35.853	174.85
785.7	10.546	35.846	174.7
786.7	10.531	35.837	174.53
787.7	10.536	35.834	174.32
788.7	10.538	35.835	174.11
789.7	10.533	35.837	173.92
790.6	10.515	35.837	173.75
791.6	10.499	35.833	173.61
792.6	10.5	35.831	173.49
793.6	10.501	35.832	173.37
794.6	10.5	35.833	173.25
795.6	10.5	35.833	173.16
796.6	10.504	35.833	173.09
797.6	10.51	35.835	173.05
798.6	10.516	35.837	173.04
799.5	10.525	35.841	173.05
800.5	10.542	35.844	173.08
801.5	10.564	35.852	173.13
802.5	10.578	35.859	173.2
803.5	10.592	35.863	173.3
804.5	10.604	35.868	173.45
805.5	10.599	35.873	173.62
806.5	10.583	35.873	173.79
807.5	10.571	35.869	173.96
808.4	10.564	35.866	174.11
809.4	10.558	35.866	174.24
810.4	10.551	35.866	174.34
811.4	10.546	35.865	174.42
812.4	10.556	35.865	174.49
813.4	10.571	35.869	174.52
814.4	10.584	35.874	174.52
815.4	10.582	35.88	174.49
816.4	10.541	35.878	174.43
817.3	10.511	35.87	174.35
818.3	10.508	35.863	174.27
819.3	10.517	35.862	174.18
820.3	10.529	35.866	174.11
821.3	10.537	35.87	174.04
822.3	10.54	35.874	173.98
823.3	10.539	35.875	173.92
824.3	10.536	35.876	173.85
825.3	10.538	35.876	173.79
826.2	10.543	35.879	173.74
827.2	10.541	35.881	173.71
828.2	10.545	35.879	173.7
829.2	10.561	35.882	173.69
830.2	10.577	35.889	173.69
831.2	10.57	35.895	173.69
832.2	10.547	35.897	173.69
833.2	10.524	35.892	173.71
834.2	10.513	35.887	173.74
835.1	10.51	35.886	173.77
836.1	10.507	35.886	173.8
837.1	10.502	35.886	173.82
838.1	10.498	35.886	173.82
839.1	10.495	35.886	173.8
840.1	10.49	35.886	173.78
841.1	10.483	35.886	173.76
842.1	10.482	35.885	173.72
843.1	10.487	35.884	173.68
844.0	10.505	35.888	173.63
845.0	10.512	35.893	173.57
846.0	10.499	35.896	173.51
847.0	10.485	35.895	173.47
848.0	10.472	35.892	173.45
849.0	10.469	35.89	173.45
850.0	10.469	35.889	173.45
851.0	10.468	35.889	173.45
852.0	10.462	35.89	173.45
852.9	10.442	35.892	173.43
853.9	10.412	35.888	173.42
854.9	10.403	35.882	173.41
855.9	10.399	35.879	173.39
856.9	10.393	35.879	173.36
857.9	10.372	35.879	173.32
858.9	10.349	35.876	173.27
859.9	10.344	35.871	173.21
860.8	10.341	35.871	173.15
861.8	10.341	35.872	173.12
862.8	10.341	35.873	173.11
863.8	10.333	35.873	173.12
864.8	10.331	35.873	173.13
865.8	10.338	35.874	173.15
866.8	10.345	35.877	173.18
867.8	10.345	35.882	173.22
868.8	10.326	35.885	173.27
869.7	10.307	35.88	173.32
870.7	10.312	35.874	173.36
871.7	10.327	35.877	173.39
872.7	10.333	35.881	173.41
873.7	10.353	35.882	173.43
874.7	10.385	35.889	173.45
875.7	10.409	35.9	173.5
876.7	10.415	35.905	173.57
877.7	10.423	35.909	173.64
878.6	10.43	35.912	173.73
879.6	10.435	35.914	173.82
880.6	10.434	35.916	173.92
881.6	10.428	35.916	174.05
882.6	10.424	35.915	174.2
883.6	10.421	35.913	174.35
884.6	10.411	35.915	174.48
885.6	10.347	35.913	174.59
886.5	10.304	35.899	174.66
887.5	10.302	35.892	174.69
888.5	10.292	35.892	174.69
889.5	10.286	35.888	174.68
890.5	10.295	35.889	174.66
891.5	10.301	35.893	174.62
892.5	10.292	35.895	174.56
893.5	10.279	35.893	174.48
894.5	10.286	35.89	174.39
895.4	10.306	35.893	174.3
896.4	10.337	35.904	174.24
897.4	10.345	35.914	174.21
898.4	10.334	35.916	174.21
899.4	10.33	35.915	174.23
900.4	10.328	35.914	174.26
901.4	10.327	35.914	174.28
902.4	10.327	35.914	174.31
903.4	10.327	35.914	174.35
904.3	10.328	35.915	174.41
905.3	10.327	35.917	174.5
906.3	10.316	35.918	174.6
907.3	10.302	35.915	174.69
908.3	10.304	35.914	174.76
909.3	10.302	35.916	174.8
910.3	10.291	35.917	174.82
911.3	10.288	35.915	174.83
912.2	10.29	35.916	174.85
913.2	10.293	35.917	174.87
914.2	10.297	35.918	174.88
915.2	10.306	35.922	174.87
916.2	10.314	35.925	174.83
917.2	10.325	35.93	174.78
918.2	10.329	35.933	174.72
919.2	10.331	35.935	174.68
920.2	10.332	35.935	174.65
921.1	10.333	35.936	174.64
922.1	10.334	35.937	174.64
923.1	10.335	35.938	174.64
924.1	10.337	35.938	174.64
925.1	10.34	35.938	174.63
926.1	10.343	35.94	174.64
927.1	10.345	35.941	174.65
928.1	10.35	35.943	174.66
929.0	10.352	35.946	174.66
930.0	10.346	35.948	174.66
931.0	10.332	35.947	174.64
932.0	10.325	35.946	174.62
933.0	10.317	35.946	174.6
934.0	10.301	35.944	174.58
935.0	10.293	35.941	174.56
936.0	10.293	35.939	174.55
937.0	10.292	35.94	174.55
937.9	10.285	35.94	174.56
938.9	10.282	35.939	174.58
939.9	10.283	35.94	174.61
940.9	10.279	35.942	174.65
941.9	10.273	35.941	174.71
942.9	10.273	35.94	174.77
943.9	10.281	35.941	174.84
944.9	10.29	35.945	174.92
945.8	10.292	35.948	175.0
946.8	10.294	35.949	175.09
947.8	10.301	35.951	175.18
948.8	10.308	35.955	175.27
949.8	10.311	35.957	175.37
950.8	10.312	35.958	175.47
951.8	10.316	35.958	175.58
952.8	10.322	35.961	175.68
953.8	10.325	35.964	175.77
954.7	10.325	35.965	175.85
955.7	10.327	35.965	175.91
956.7	10.33	35.966	175.97
957.7	10.331	35.967	176.01
958.7	10.329	35.969	176.05
959.7	10.321	35.969	176.08
960.7	10.315	35.969	176.09
961.7	10.311	35.969	176.09
962.6	10.305	35.97	176.06
963.6	10.295	35.971	176.03
964.6	10.291	35.97	176.0
965.6	10.295	35.971	175.99
966.6	10.298	35.974	176.0
967.6	10.305	35.975	176.01
968.6	10.316	35.979	176.04
969.6	10.328	35.982	176.06
970.5	10.342	35.986	176.08
971.5	10.346	35.991	176.11
972.5	10.346	35.992	176.15
973.5	10.346	35.992	176.2
974.5	10.352	35.992	176.26
975.5	10.358	35.995	176.31
976.5	10.363	35.998	176.35
977.5	10.372	36.0	176.38
978.5	10.385	36.005	176.39
979.4	10.39	36.009	176.4
980.4	10.391	36.01	176.4
981.4	10.393	36.01	176.39
982.4	10.397	36.012	176.4
983.4	10.398	36.015	176.41
984.4	10.399	36.018	176.43
985.4	10.399	36.019	176.44
986.4	10.398	36.02	176.44
987.3	10.394	36.02	176.44
988.3	10.392	36.019	176.46
989.3	10.39	36.019	176.49
990.3	10.391	36.02	176.54
991.3	10.393	36.022	176.61
992.3	10.396	36.023	176.69
993.3	10.4	36.025	176.75
994.3	10.41	36.027	176.79
995.2	10.421	36.032	176.84
996.2	10.425	36.036	176.91
997.2	10.431	36.038	176.99
998.2	10.431	36.041	177.09
999.2	10.423	36.041	177.18
1000.2	10.407	36.039	177.25
1001.2	10.391	36.036	177.29
1002.2	10.386	36.034	177.32
1003.2	10.381	36.033	177.34
1004.1	10.372	36.033	177.38
1005.1	10.364	36.031	177.42
1006.1	10.357	36.029	177.45
1007.1	10.346	36.028	177.46
1008.1	10.34	36.025	177.46
1009.1	10.351	36.023	177.44
1010.1	10.389	36.028	177.42
1011.1	10.429	36.039	177.42
1012.0	10.453	36.053	177.44
1013.0	10.459	36.06	177.47
1014.0	10.462	36.062	177.5
1015.0	10.463	36.062	177.54
1016.0	10.463	36.062	177.57
1017.0	10.462	36.063	177.6
1018.0	10.449	36.064	177.65
1019.0	10.429	36.062	177.71
1019.9	10.403	36.057	177.77
1020.9	10.375	36.053	177.83
1021.9	10.352	36.045	177.88
1022.9	10.345	36.039	177.91
1023.9	10.346	36.038	177.92
1024.9	10.352	36.038	177.94
1025.9	10.359	36.04	177.95
1026.9	10.363	36.044	177.97
1027.8	10.363	36.046	178.01
1028.8	10.361	36.046	178.04
1029.8	10.356	36.046	178.07
1030.8	10.352	36.045	178.1
1031.8	10.35	36.044	178.14
1032.8	10.342	36.046	178.19
1033.8	10.311	36.047	178.26
1034.8	10.278	36.04	178.34
1035.7	10.27	36.03	178.43
1036.7	10.265	36.028	178.52
1037.7	10.266	36.029	178.59
1038.7	10.269	36.03	178.65
1039.7	10.272	36.032	178.68
1040.7	10.271	36.033	178.71
1041.7	10.271	36.033	178.74
1042.7	10.27	36.034	178.78
1043.7	10.27	36.035	178.83
1044.6	10.272	36.035	178.88
1045.6	10.275	36.036	178.91
1046.6	10.28	36.037	178.93
1047.6	10.285	36.039	178.95
1048.6	10.287	36.041	178.99
1049.6	10.286	36.042	179.04
1050.6	10.28	36.042	179.12
1051.6	10.276	36.041	179.2
1052.5	10.275	36.04	179.28
1053.5	10.276	36.04	179.32
1054.5	10.275	36.04	179.33
1055.5	10.274	36.04	179.33
1056.5	10.272	36.04	179.33
1057.5	10.274	36.041	179.33
1058.5	10.278	36.042	179.33
1059.5	10.281	36.044	179.31
1060.4	10.283	36.045	179.28
1061.4	10.284	36.047	179.23
1062.4	10.284	36.048	179.18
1063.4	10.283	36.049	179.15
1064.4	10.282	36.049	179.15
1065.4	10.281	36.05	179.17
1066.4	10.281	36.05	179.2
1067.4	10.282	36.051	179.23
1068.3	10.284	36.052	179.26
1069.3	10.286	36.054	179.3
1070.3	10.289	36.055	179.34
1071.3	10.293	36.057	179.39
1072.3	10.297	36.059	179.43
1073.3	10.299	36.062	179.47
1074.3	10.3	36.063	179.51
1075.3	10.299	36.063	179.55
1076.2	10.298	36.063	179.58
1077.2	10.301	36.063	179.6
1078.2	10.304	36.065	179.64
1079.2	10.309	36.067	179.68
1080.2	10.317	36.068	179.74
1081.2	10.323	36.072	179.81
1082.2	10.323	36.075	179.89
1083.2	10.324	36.076	179.98
1084.1	10.325	36.077	180.05
1085.1	10.325	36.077	180.11
1086.1	10.325	36.078	180.15
1087.1	10.319	36.08	180.19
1088.1	10.304	36.078	180.22
1089.1	10.29	36.074	180.25
1090.1	10.291	36.073	180.26
1091.1	10.294	36.074	180.26
1092.0	10.297	36.075	180.23
1093.0	10.299	36.076	180.21
1094.0	10.302	36.076	180.18
1095.0	10.306	36.078	180.17
1096.0	10.31	36.079	180.17
1097.0	10.312	36.081	180.18
1098.0	10.313	36.082	180.2
1099.0	10.319	36.083	180.21
1099.9	10.333	36.085	180.23
1100.9	10.343	36.091	180.25
1101.9	10.346	36.094	180.28
1102.9	10.356	36.095	180.32
1103.9	10.375	36.097	180.35
1104.9	10.412	36.1	180.37
1105.9	10.452	36.111	180.4
1106.9	10.473	36.125	180.44
1107.8	10.481	36.132	180.49
1108.8	10.482	36.135	180.54
1109.8	10.483	36.135	180.59
1110.8	10.487	36.136	180.63
1111.8	10.491	36.136	180.66
1112.8	10.501	36.137	180.7
1113.8	10.517	36.141	180.76
1114.8	10.525	36.149	180.83
1115.7	10.516	36.152	180.91
1116.7	10.507	36.15	180.97
1117.7	10.501	36.148	181.01
1118.7	10.496	36.147	181.04
1119.7	10.492	36.147	181.08
1120.7	10.486	36.146	181.15
1121.7	10.475	36.145	181.24
1122.7	10.456	36.143	181.34
1123.6	10.43	36.139	181.44
1124.6	10.411	36.133	181.53
1125.6	10.402	36.129	181.61
1126.6	10.394	36.127	181.69
1127.6	10.39	36.125	181.78
1128.6	10.383	36.125	181.88
1129.6	10.364	36.125	181.99
1130.5	10.339	36.121	182.09
1131.5	10.319	36.116	182.18
1132.5	10.309	36.112	182.25
1133.5	10.301	36.11	182.31
1134.5	10.304	36.109	182.37
1135.5	10.314	36.111	182.43
1136.5	10.326	36.114	182.49
1137.5	10.337	36.118	182.54
1138.4	10.343	36.122	182.58
1139.4	10.345	36.123	182.62
1140.4	10.339	36.126	182.65
1141.4	10.305	36.127	182.66
1142.4	10.266	36.118	182.67
1143.4	10.254	36.109	182.67
1144.4	10.251	36.107	182.67
1145.4	10.251	36.107	182.66
1146.3	10.251	36.107	182.66
1147.3	10.25	36.107	182.66
1148.3	10.251	36.106	182.67
1149.3	10.257	36.105	182.67
1150.3	10.273	36.107	182.68
1151.3	10.294	36.113	182.7
1152.3	10.308	36.12	182.74
1153.3	10.317	36.126	182.78
1154.2	10.319	36.127	182.82
1155.2	10.317	36.129	182.86
1156.2	10.31	36.128	182.89
1157.2	10.306	36.128	182.93
1158.2	10.295	36.13	182.98
1159.2	10.281	36.129	183.03
1160.2	10.274	36.126	183.09
1161.2	10.271	36.126	183.14
1162.1	10.269	36.125	183.2
1163.1	10.273	36.125	183.28
1164.1	10.278	36.127	183.36
1165.1	10.283	36.127	183.46
1166.1	10.304	36.128	183.57
1167.1	10.335	36.135	183.7
1168.1	10.366	36.144	183.84
1169.1	10.399	36.152	183.98
1170.0	10.422	36.164	184.12
1171.0	10.418	36.172	184.26
1172.0	10.397	36.171	184.4
1173.0	10.374	36.165	184.54
1174.0	10.361	36.16	184.66
1175.0	10.358	36.158	184.77
1176.0	10.359	36.158	184.87
1176.9	10.359	36.158	184.95
1177.9	10.362	36.158	185.01
1178.9	10.365	36.159	185.06
1179.9	10.367	36.161	185.08
1180.9	10.368	36.162	185.1
1181.9	10.361	36.163	185.1
1182.9	10.355	36.162	185.08
1183.9	10.354	36.161	185.05
1184.8	10.353	36.16	185.02
1185.8	10.351	36.16	184.97
1186.8	10.35	36.16	184.92
1187.8	10.348	36.16	184.88
1188.8	10.342	36.16	184.83
1189.8	10.325	36.16	184.78
1190.8	10.308	36.157	184.73
1191.8	10.297	36.151	184.68
1192.7	10.294	36.148	184.64
1193.7	10.294	36.147	184.61
1194.7	10.295	36.147	184.59
1195.7	10.299	36.148	184.58
1196.7	10.324	36.151	184.58
1197.7	10.382	36.163	184.59
1198.7	10.419	36.178	184.62
1199.6	10.421	36.187	184.66
1200.6	10.417	36.187	184.72
1201.6	10.409	36.187	184.8
1202.6	10.392	36.186	184.89
1203.6	10.367	36.182	184.99
1204.6	10.348	36.176	185.1
1205.6	10.335	36.172	185.21
1206.6	10.32	36.17	185.34
1207.5	10.293	36.168	185.47
1208.5	10.253	36.163	185.61
1209.5	10.215	36.153	185.74
1210.5	10.191	36.145	185.88
1211.5	10.171	36.141	186.02
1212.5	10.145	36.138	186.16
1213.5	10.104	36.132	186.3
1214.5	10.069	36.119	186.44
1215.4	10.062	36.112	186.57
1216.4	10.057	36.111	186.69
1217.4	10.041	36.111	186.81
1218.4	10.014	36.109	186.94
1219.4	9.982	36.102	187.06
1220.4	9.96	36.095	187.18
1221.4	9.95	36.089	187.28
1222.3	9.948	36.087	187.37
1223.3	9.947	36.087	187.44
1224.3	9.946	36.086	187.51
1225.3	9.944	36.086	187.58
1226.3	9.936	36.087	187.65
1227.3	9.91	36.087	187.71
1228.3	9.87	36.082	187.76
1229.3	9.832	36.07	187.8
1230.2	9.822	36.064	187.83
1231.2	9.815	36.063	187.85
1232.2	9.813	36.061	187.88
1233.2	9.812	36.061	187.9
1234.2	9.808	36.061	187.94
1235.2	9.798	36.061	187.97
1236.2	9.787	36.059	188.0
1237.1	9.778	36.056	188.04
1238.1	9.77	36.054	188.07
1239.1	9.761	36.052	188.11
1240.1	9.753	36.05	188.15
1241.1	9.748	36.049	188.2
1242.1	9.733	36.05	188.27
1243.1	9.716	36.046	188.36
1244.1	9.708	36.042	188.46
1245.0	9.702	36.042	188.56
1246.0	9.687	36.041	188.67
1247.0	9.674	36.037	188.79
1248.0	9.666	36.034	188.91
1249.0	9.659	36.032	189.04
1250.0	9.649	36.031	189.17
1251.0	9.635	36.03	189.31
1252.0	9.616	36.029	189.45
1252.9	9.593	36.025	189.59
1253.9	9.569	36.02	189.72
1254.9	9.551	36.015	189.85
1255.9	9.538	36.011	189.97
1256.9	9.53	36.009	190.09
1257.9	9.523	36.007	190.22
1258.9	9.517	36.005	190.35
1259.8	9.51	36.004	190.49
1260.8	9.498	36.005	190.63
1261.8	9.484	36.002	190.77
1262.8	9.471	35.999	190.89
1263.8	9.463	35.996	191.0
1264.8	9.454	35.995	191.1
1265.8	9.442	35.994	191.2
1266.8	9.425	35.993	191.3
1267.7	9.404	35.99	191.41
1268.7	9.389	35.985	191.5
1269.7	9.379	35.982	191.58
1270.7	9.366	35.979	191.64
1271.7	9.359	35.976	191.7
1272.7	9.358	35.975	191.75
1273.7	9.355	35.975	191.81
1274.6	9.35	35.975	191.87
1275.6	9.342	35.974	191.94
1276.6	9.331	35.972	192.0
1277.6	9.314	35.97	192.04
1278.6	9.299	35.966	192.08
1279.6	9.29	35.964	192.13
1280.6	9.28	35.963	192.18
1281.5	9.267	35.961	192.24
1282.5	9.257	35.958	192.31
1283.5	9.252	35.956	192.37
1284.5	9.247	35.955	192.44
1285.5	9.241	35.954	192.51
1286.5	9.237	35.953	192.58
1287.5	9.233	35.953	192.67
1288.5	9.224	35.954	192.78
1289.4	9.213	35.952	192.89
1290.4	9.2	35.95	193.0
1291.4	9.184	35.947	193.1
1292.4	9.172	35.943	193.18
1293.4	9.166	35.941	193.26
1294.4	9.163	35.94	193.34
1295.4	9.16	35.94	193.42
1296.3	9.157	35.939	193.49
1297.3	9.154	35.938	193.54
1298.3	9.15	35.938	193.55
1299.3	9.144	35.937	193.54
1300.3	9.141	35.936	193.5
1301.3	9.141	35.936	193.45
1302.3	9.141	35.936	193.4
1303.3	9.142	35.936	193.35
1304.2	9.141	35.936	193.29
1305.2	9.144	35.936	193.23
1306.2	9.157	35.935	193.16
1307.2	9.191	35.939	193.1
1308.2	9.232	35.952	193.06
1309.2	9.252	35.965	193.05
1310.2	9.251	35.971	193.08
1311.1	9.245	35.97	193.14
1312.1	9.243	35.969	193.21
1313.1	9.236	35.969	193.31
1314.1	9.22	35.969	193.42
1315.1	9.197	35.966	193.55
1316.1	9.172	35.962	193.69
1317.1	9.148	35.957	193.84
1318.1	9.134	35.951	193.98
1319.0	9.131	35.949	194.12
1320.0	9.127	35.948	194.24
1321.0	9.125	35.947	194.35
1322.0	9.124	35.946	194.45
1323.0	9.125	35.946	194.53
1324.0	9.125	35.947	194.6
1325.0	9.119	35.947	194.64
1325.9	9.104	35.947	194.67
1326.9	9.085	35.944	194.71
1327.9	9.066	35.94	194.74
1328.9	9.052	35.936	194.79
1329.9	9.046	35.933	194.83
1330.9	9.043	35.931	194.87
1331.9	9.038	35.931	194.91
1332.8	9.033	35.93	194.94
1333.8	9.027	35.929	194.99
1334.8	9.024	35.928	195.04
1335.8	9.017	35.928	195.11
1336.8	8.995	35.928	195.18
1337.8	8.962	35.924	195.25
1338.8	8.939	35.916	195.3
1339.7	8.929	35.912	195.34
1340.7	8.918	35.909	195.36
1341.7	8.905	35.907	195.38
1342.7	8.9	35.905	195.39
1343.7	8.889	35.905	195.41
1344.7	8.868	35.905	195.44
1345.7	8.853	35.9	195.48
1346.7	8.848	35.895	195.52
1347.6	8.842	35.894	195.55
1348.6	8.819	35.893	195.59
1349.6	8.789	35.89	195.63
1350.6	8.771	35.887	195.7
1351.6	8.749	35.884	195.8
1352.6	8.728	35.878	195.93
1353.6	8.712	35.874	196.09
1354.5	8.696	35.869	196.25
1355.5	8.682	35.867	196.4
1356.5	8.659	35.866	196.54
1357.5	8.627	35.861	196.69
1358.5	8.609	35.854	196.85
1359.5	8.604	35.851	197.03
1360.5	8.592	35.85	197.2
1361.4	8.575	35.847	197.36
1362.4	8.562	35.844	197.51
1363.4	8.555	35.841	197.64
1364.4	8.546	35.84	197.76
1365.4	8.531	35.839	197.88
1366.4	8.513	35.836	198.0
1367.4	8.492	35.833	198.12
1368.4	8.48	35.829	198.23
1369.3	8.474	35.826	198.33
1370.3	8.467	35.825	198.42
1371.3	8.459	35.824	198.5
1372.3	8.451	35.822	198.57
1373.3	8.444	35.821	198.65
1374.3	8.436	35.82	198.72
1375.3	8.427	35.818	198.78
1376.2	8.421	35.816	198.84
1377.2	8.417	35.816	198.89
1378.2	8.413	35.815	198.94
1379.2	8.408	35.814	198.98
1380.2	8.403	35.813	199.01
1381.2	8.398	35.812	199.03
1382.2	8.391	35.811	199.06
1383.1	8.386	35.81	199.08
1384.1	8.38	35.809	199.11
1385.1	8.376	35.807	199.12
1386.1	8.374	35.807	199.12
1387.1	8.368	35.806	199.1
1388.1	8.36	35.805	199.07
1389.1	8.354	35.804	199.04
1390.0	8.345	35.804	199.02
1391.0	8.332	35.802	199.03
1392.0	8.322	35.799	199.05
1393.0	8.316	35.798	199.07
1394.0	8.302	35.797	199.1
1395.0	8.284	35.796	199.14
1396.0	8.269	35.794	199.2
1396.9	8.253	35.79	199.3
1397.9	8.24	35.787	199.43
1398.9	8.23	35.783	199.59
1399.9	8.223	35.782	199.76
1400.9	8.216	35.78	199.95
1401.9	8.21	35.779	200.12
1402.9	8.205	35.778	200.29
1403.8	8.198	35.777	200.45
1404.8	8.187	35.776	200.6
1405.8	8.173	35.776	200.74
1406.8	8.156	35.774	200.87
1407.8	8.141	35.77	200.95
1408.8	8.134	35.766	201.0
1409.8	8.13	35.764	201.02
1410.8	8.124	35.763	201.01
1411.7	8.117	35.762	200.98
1412.7	8.112	35.761	200.93
1413.7	8.104	35.761	200.89
1414.7	8.091	35.76	200.87
1415.7	8.078	35.757	200.86
1416.7	8.071	35.755	200.87
1417.7	8.067	35.753	200.91
1418.6	8.064	35.752	200.97
1419.6	8.063	35.752	201.07
1420.6	8.063	35.751	201.18
1421.6	8.063	35.751	201.32
1422.6	8.063	35.752	201.48
1423.6	8.062	35.752	201.65
1424.6	8.061	35.752	201.81
1425.5	8.053	35.752	201.96
1426.5	8.031	35.752	202.1
1427.5	8.004	35.748	202.22
1428.5	7.989	35.742	202.32
1429.5	7.987	35.739	202.38
1430.5	7.988	35.739	202.42
1431.5	7.987	35.739	202.44
1432.4	7.985	35.739	202.45
1433.4	7.983	35.739	202.45
1434.4	7.977	35.738	202.44
1435.4	7.967	35.736	202.43
1436.4	7.958	35.735	202.42
1437.4	7.943	35.733	202.41
1438.4	7.926	35.731	202.41
1439.3	7.919	35.728	202.42
1440.3	7.919	35.727	202.46
1441.3	7.917	35.727	202.52
1442.3	7.91	35.727	202.6
1443.3	7.895	35.727	202.7
1444.3	7.879	35.724	202.81
1445.3	7.867	35.721	202.93
1446.2	7.857	35.719	203.06
1447.2	7.846	35.717	203.2
1448.2	7.831	35.716	203.35
1449.2	7.81	35.713	203.51
1450.2	7.791	35.71	203.67
1451.2	7.773	35.706	203.83
1452.2	7.753	35.702	203.99
1453.1	7.734	35.699	204.14
1454.1	7.717	35.696	204.29
1455.1	7.7	35.694	204.43
1456.1	7.687	35.691	204.59
1457.1	7.681	35.688	204.74
1458.1	7.676	35.687	204.89
1459.1	7.668	35.686	205.02
1460.0	7.658	35.684	205.14
1461.0	7.646	35.683	205.23
1462.0	7.638	35.68	205.32
1463.0	7.633	35.679	205.39
1464.0	7.627	35.678	205.44
1465.0	7.621	35.677	205.48
1466.0	7.614	35.676	205.51
1466.9	7.602	35.676	205.52
1467.9	7.584	35.673	205.51
1468.9	7.571	35.669	205.49
1469.9	7.568	35.668	205.49
1470.9	7.562	35.667	205.53
1471.9	7.55	35.667	205.59
1472.9	7.529	35.666	205.66
1473.8	7.508	35.662	205.76
1474.8	7.493	35.658	205.87
1475.8	7.484	35.655	206.0
1476.8	7.477	35.653	206.14
1477.8	7.47	35.652	206.29
1478.8	7.463	35.651	206.46
1479.8	7.459	35.65	206.63
1480.7	7.458	35.649	206.79
1481.7	7.458	35.649	206.92
1482.7	7.455	35.649	207.04
1483.7	7.445	35.65	207.15
1484.7	7.431	35.648	207.25
1485.7	7.42	35.645	207.35
1486.7	7.412	35.643	207.43
1487.6	7.406	35.641	207.52
1488.6	7.4	35.64	207.6
1489.6	7.393	35.639	207.67
1490.6	7.388	35.638	207.74
1491.6	7.384	35.637	207.8
1492.6	7.38	35.636	207.87
1493.6	7.373	35.636	207.93
1494.5	7.361	35.635	207.99
1495.5	7.351	35.633	208.04
1496.5	7.344	35.631	208.09
1497.5	7.337	35.629	208.12
1498.5	7.331	35.628	208.15
1499.5	7.329	35.627	208.18
1500.5	7.326	35.627	208.21
1501.4	7.317	35.627	208.25
1502.4	7.306	35.625	208.31
1503.4	7.298	35.623	208.38
1504.4	7.291	35.622	208.46
1505.4	7.285	35.621	208.54
1506.4	7.279	35.62	208.62
1507.4	7.273	35.619	208.7
1508.3	7.27	35.617	208.8
1509.3	7.267	35.617	208.9
1510.3	7.262	35.617	209.01
1511.3	7.254	35.616	209.11
1512.3	7.244	35.614	209.2
1513.3	7.238	35.613	209.26
1514.3	7.233	35.612	209.29
1515.2	7.227	35.611	209.32
1516.2	7.218	35.61	209.33
1517.2	7.21	35.608	209.35
1518.2	7.201	35.607	209.37
1519.2	7.19	35.605	209.37
1520.2	7.179	35.603	209.36
1521.2	7.173	35.601	209.34
1522.1	7.17	35.6	209.32
1523.1	7.166	35.6	209.33
1524.1	7.16	35.599	209.37
1525.1	7.149	35.598	209.43
1526.1	7.134	35.595	209.52
1527.1	7.122	35.593	209.62
1528.0	7.108	35.591	209.72
1529.0	7.091	35.589	209.83
1530.0	7.072	35.586	209.95
1531.0	7.058	35.583	210.08
1532.0	7.049	35.581	210.22
1533.0	7.043	35.579	210.36
1534.0	7.038	35.578	210.49
1534.9	7.034	35.577	210.6
1535.9	7.03	35.577	210.7
1536.9	7.026	35.576	210.8
1537.9	7.022	35.575	210.9
1538.9	7.017	35.574	211.0
1539.9	7.015	35.574	211.11
1540.9	7.013	35.574	211.22
1541.8	7.007	35.573	211.32
1542.8	6.999	35.572	211.42
1543.8	6.992	35.571	211.53
1544.8	6.986	35.569	211.63
1545.8	6.982	35.568	211.74
1546.8	6.98	35.568	211.85
1547.8	6.979	35.567	211.95
1548.7	6.976	35.567	212.03
1549.7	6.968	35.567	212.1
1550.7	6.963	35.565	212.16
1551.7	6.959	35.564	212.21
1552.7	6.952	35.564	212.27
1553.7	6.942	35.563	212.33
1554.7	6.936	35.561	212.38
1555.6	6.93	35.56	212.44
1556.6	6.926	35.559	212.49
1557.6	6.924	35.558	212.55
1558.6	6.922	35.558	212.61
1559.6	6.918	35.558	212.69
1560.6	6.911	35.557	212.77
1561.6	6.901	35.556	212.87
1562.5	6.892	35.554	212.97
1563.5	6.883	35.553	213.07
1564.5	6.873	35.551	213.17
1565.5	6.862	35.55	213.28
1566.5	6.853	35.548	213.38
1567.5	6.846	35.547	213.49
1568.4	6.837	35.545	213.6
1569.4	6.829	35.544	213.7
1570.4	6.817	35.542	213.8
1571.4	6.794	35.54	213.9
1572.4	6.769	35.537	213.99
1573.4	6.757	35.533	214.07
1574.4	6.752	35.531	214.16
1575.3	6.748	35.53	214.24
1576.3	6.742	35.529	214.32
1577.3	6.735	35.528	214.39
1578.3	6.727	35.527	214.45
1579.3	6.722	35.526	214.52
1580.3	6.716	35.525	214.58
1581.3	6.707	35.524	214.64
1582.2	6.696	35.523	214.71
1583.2	6.68	35.521	214.78
1584.2	6.664	35.519	214.85
1585.2	6.653	35.516	214.93
1586.2	6.644	35.514	215.02
1587.2	6.635	35.512	215.11
1588.2	6.627	35.51	215.21
1589.1	6.623	35.509	215.31
1590.1	6.621	35.509	215.42
1591.1	6.616	35.508	215.52
1592.1	6.61	35.507	215.63
1593.1	6.607	35.506	215.74
1594.1	6.605	35.506	215.83
1595.0	6.604	35.506	215.91
1596.0	6.597	35.506	215.97
1597.0	6.582	35.505	216.0
1598.0	6.564	35.502	216.01
1599.0	6.552	35.499	216.02
1600.0	6.547	35.497	216.03
1601.0	6.543	35.496	216.04
1601.9	6.539	35.495	216.03
1602.9	6.537	35.494	216.02
1603.9	6.536	35.494	216.0
1604.9	6.536	35.494	215.98
1605.9	6.535	35.494	215.99
1606.9	6.529	35.494	216.03
1607.9	6.516	35.494	216.1
1608.8	6.505	35.491	216.18
1609.8	6.501	35.488	216.27
1610.8	6.5	35.488	216.35
1611.8	6.498	35.488	216.44
1612.8	6.493	35.487	216.54
1613.8	6.488	35.487	216.66
1614.7	6.476	35.486	216.79
1615.7	6.464	35.484	216.91
1616.7	6.459	35.482	217.03
1617.7	6.452	35.481	217.12
1618.7	6.444	35.479	217.19
1619.7	6.439	35.477	217.27
1620.7	6.439	35.477	217.34
1621.6	6.436	35.477	217.43
1622.6	6.432	35.477	217.52
1623.6	6.429	35.476	217.6
1624.6	6.424	35.476	217.68
1625.6	6.417	35.475	217.75
1626.6	6.41	35.473	217.81
1627.6	6.408	35.472	217.88
1628.5	6.407	35.472	217.96
1629.5	6.404	35.472	218.03
1630.5	6.397	35.472	218.1
1631.5	6.389	35.471	218.16
1632.5	6.384	35.469	218.21
1633.5	6.38	35.468	218.24
1634.4	6.375	35.468	218.25
1635.4	6.37	35.467	218.26
1636.4	6.365	35.466	218.28
1637.4	6.363	35.465	218.29
1638.4	6.36	35.465	218.32
1639.4	6.354	35.465	218.37
1640.4	6.343	35.464	218.42
1641.3	6.334	35.462	218.48
1642.3	6.33	35.46	218.56
1643.3	6.328	35.459	218.64
1644.3	6.326	35.459	218.76
1645.3	6.324	35.459	218.88
1646.3	6.32	35.459	219.02
1647.3	6.317	35.458	219.15
1648.2	6.314	35.458	219.27
1649.2	6.309	35.458	219.36
1650.2	6.299	35.457	219.44
1651.2	6.289	35.455	219.51
1652.2	6.283	35.453	219.57
1653.2	6.274	35.452	219.61
1654.1	6.264	35.451	219.65
1655.1	6.257	35.449	219.66
1656.1	6.252	35.448	219.67
1657.1	6.246	35.447	219.69
1658.1	6.24	35.446	219.73
1659.1	6.234	35.445	219.79
1660.1	6.228	35.444	219.87
1661.0	6.221	35.443	219.95
1662.0	6.213	35.442	220.04
1663.0	6.208	35.441	220.14
1664.0	6.204	35.44	220.24
1665.0	6.201	35.439	220.34
1666.0	6.198	35.439	220.46
1666.9	6.196	35.438	220.57
1667.9	6.193	35.438	220.67
1668.9	6.19	35.437	220.76
1669.9	6.183	35.437	220.83
1670.9	6.174	35.436	220.9
1671.9	6.165	35.434	220.97
1672.9	6.159	35.433	221.02
1673.8	6.154	35.432	221.07
1674.8	6.148	35.431	221.1
1675.8	6.143	35.43	221.12
1676.8	6.14	35.429	221.13
1677.8	6.138	35.428	221.12
1678.8	6.135	35.428	221.11
1679.7	6.13	35.428	221.08
1680.7	6.127	35.427	221.03
1681.7	6.125	35.426	220.97
1682.7	6.123	35.425	220.91
1683.7	6.121	35.425	220.85
1684.7	6.118	35.425	220.81
1685.7	6.108	35.425	220.79
1686.6	6.095	35.423	220.77
1687.6	6.081	35.421	220.78
1688.6	6.068	35.418	220.8
1689.6	6.061	35.416	220.84
1690.6	6.055	35.416	220.9
1691.6	6.045	35.415	220.99
1692.5	6.033	35.413	221.1
1693.5	6.019	35.411	221.23
1694.5	6.005	35.409	221.36
1695.5	5.996	35.406	221.49
1696.5	5.991	35.404	221.62
1697.5	5.99	35.403	221.75
1698.5	5.989	35.403	221.86
1699.4	5.988	35.403	221.96
1700.4	5.987	35.403	222.03
1701.4	5.985	35.403	222.08
1702.4	5.983	35.403	222.11
1703.4	5.976	35.403	222.12
1704.4	5.965	35.402	222.11
1705.3	5.958	35.4	222.07
1706.3	5.954	35.398	222.01
1707.3	5.95	35.397	221.92
1708.3	5.946	35.396	221.82
1709.3	5.941	35.395	221.72
1710.3	5.935	35.395	221.63
1711.3	5.93	35.394	221.55
1712.2	5.928	35.393	221.5
1713.2	5.926	35.392	221.46
1714.2	5.923	35.392	221.45
1715.2	5.92	35.392	221.47
1716.2	5.917	35.391	221.51
1717.2	5.915	35.391	221.57
1718.1	5.913	35.39	221.64
1719.1	5.912	35.39	221.72
1720.1	5.912	35.389	221.8
1721.1	5.909	35.39	221.89
1722.1	5.903	35.39	221.98
1723.1	5.895	35.389	222.05
1724.1	5.892	35.387	222.11
1725.0	5.889	35.387	222.14
1726.0	5.885	35.386	222.16
1727.0	5.882	35.385	222.16
1728.0	5.88	35.385	222.17
1729.0	5.873	35.386	222.19
1730.0	5.859	35.385	222.23
1730.9	5.848	35.382	222.28
1731.9	5.843	35.38	222.34
1732.9	5.84	35.379	222.39
1733.9	5.836	35.378	222.43
1734.9	5.829	35.378	222.48
1735.9	5.816	35.377	222.54
1736.9	5.795	35.375	222.6
1737.8	5.773	35.371	222.67
1738.8	5.758	35.369	222.72
1739.8	5.752	35.366	222.75
1740.8	5.757	35.363	222.77
1741.8	5.75	35.364	222.77
1742.8	5.724	35.365	222.77
1743.7	5.707	35.361	222.76
1744.7	5.704	35.358	222.76
1745.7	5.695	35.358	222.78
1746.7	5.686	35.356	222.82
1747.7	5.689	35.354	222.88
1748.7	5.701	35.353	222.97
1749.7	5.684	35.352	223.05
1750.6	5.667	35.352	223.15
1751.6	5.65	35.351	223.25
1752.6	5.649	35.347	223.36
1753.6	5.649	35.346	223.49
1754.6	5.648	35.346	223.65
1755.6	5.648	35.346	223.81
1756.5	5.643	35.346	223.97
1757.5	5.627	35.346	224.13
1758.5	5.614	35.344	224.28
1759.5	5.612	35.342	224.42
1760.5	5.609	35.341	224.57
1761.5	5.604	35.341	224.72
1762.4	5.598	35.34	224.87
1763.4	5.591	35.339	225.02
1764.4	5.586	35.338	225.16
1765.4	5.579	35.337	225.28
1766.4	5.565	35.336	225.37
1767.4	5.55	35.334	225.45
1768.4	5.542	35.331	225.51
1769.3	5.535	35.33	225.56
1770.3	5.531	35.329	225.6
1771.3	5.53	35.328	225.64
1772.3	5.529	35.328	225.69
1773.3	5.528	35.328	225.74
1774.3	5.525	35.328	225.8
1775.2	5.521	35.327	225.87
1776.2	5.512	35.327	225.96
1777.2	5.497	35.326	226.06
1778.2	5.48	35.324	226.17
1779.2	5.465	35.321	226.29
1780.2	5.454	35.318	226.42
1781.1	5.448	35.316	226.54
1782.1	5.444	35.315	226.64
1783.1	5.439	35.315	226.71
1784.1	5.433	35.314	226.74
1785.1	5.428	35.313	226.75
1786.1	5.424	35.312	226.74
1787.1	5.423	35.312	226.7
1788.0	5.425	35.311	226.64
1789.0	5.425	35.312	226.56
1790.0	5.41	35.312	226.47
1791.0	5.392	35.309	226.37
1792.0	5.39	35.307	226.27
1793.0	5.389	35.306	226.2
1793.9	5.393	35.306	226.18
1794.9	5.401	35.306	226.19
1795.9	5.395	35.307	226.22
1796.9	5.376	35.307	226.28
1797.9	5.364	35.304	226.36
1798.9	5.362	35.302	226.46
1799.8	5.357	35.302	226.57
1800.8	5.358	35.302	226.71
1801.8	5.368	35.301	226.87
1802.8	5.356	35.3	227.01
1803.8	5.344	35.3	227.13
1804.8	5.331	35.299	227.22
1805.8	5.328	35.298	227.26
1806.7	5.323	35.298	227.28
1807.7	5.312	35.297	227.28
1808.7	5.299	35.295	227.26
1809.7	5.298	35.292	227.23
1810.7	5.306	35.291	227.18
1811.7	5.294	35.291	227.11
1812.6	5.278	35.29	227.02
1813.6	5.278	35.288	226.93
1814.6	5.276	35.288	226.85
1815.6	5.27	35.289	226.82
1816.6	5.268	35.289	226.82
1817.6	5.272	35.288	226.84
1818.5	5.273	35.288	226.88
1819.5	5.262	35.289	226.92
1820.5	5.244	35.288	226.96
1821.5	5.234	35.287	227.01
1822.5	5.223	35.285	227.07
1823.5	5.215	35.282	227.16
1824.5	5.212	35.279	227.26
1825.4	5.209	35.279	227.36
1826.4	5.205	35.278	227.45
1827.4	5.202	35.278	227.51
1828.4	5.199	35.277	227.55
1829.4	5.198	35.277	227.58
1830.4	5.197	35.277	227.63
1831.3	5.191	35.277	227.69
1832.3	5.181	35.277	227.76
1833.3	5.178	35.275	227.83
1834.3	5.184	35.273	227.89
1835.3	5.175	35.274	227.94
1836.3	5.161	35.275	227.98
1837.2	5.154	35.273	228.02
1838.2	5.148	35.271	228.07
1839.2	5.145	35.269	228.14
1840.2	5.146	35.268	228.23
1841.2	5.145	35.268	228.31
1842.2	5.138	35.268	228.39
1843.1	5.132	35.267	228.46
1844.1	5.131	35.267	228.52
1845.1	5.13	35.266	228.58
1846.1	5.129	35.266	228.64
1847.1	5.128	35.266	228.68
1848.1	5.126	35.266	228.7
1849.1	5.123	35.265	228.71
1850.0	5.121	35.265	228.7
1851.0	5.121	35.265	228.67
1852.0	5.117	35.265	228.61
1853.0	5.111	35.265	228.55
1854.0	5.105	35.264	228.49
1855.0	5.1	35.263	228.44
1855.9	5.095	35.262	228.42
1856.9	5.091	35.261	228.41
1857.9	5.087	35.26	228.42
1858.9	5.083	35.26	228.46
1859.9	5.079	35.259	228.51
1860.9	5.076	35.258	228.58
1861.8	5.074	35.258	228.67
1862.8	5.071	35.258	228.77
1863.8	5.067	35.257	228.88
1864.8	5.062	35.257	228.99
1865.8	5.059	35.256	229.07
1866.8	5.054	35.256	229.14
1867.7	5.049	35.255	229.2
1868.7	5.045	35.254	229.26
1869.7	5.041	35.253	229.32
1870.7	5.039	35.253	229.38
1871.7	5.036	35.253	229.45
1872.7	5.032	35.252	229.52
1873.6	5.027	35.252	229.59
1874.6	5.021	35.251	229.66
1875.6	5.016	35.25	229.72
1876.6	5.012	35.249	229.79
1877.6	5.008	35.248	229.86
1878.6	5.005	35.248	229.92
1879.6	5.0	35.248	229.97
1880.5	4.995	35.247	230.0
1881.5	4.993	35.246	230.02
1882.5	4.992	35.246	230.02
1883.5	4.991	35.245	230.0
1884.5	4.988	35.245	229.98
1885.5	4.984	35.245	229.96
1886.4	4.979	35.245	229.96
1887.4	4.974	35.244	229.96
1888.4	4.971	35.243	229.99
1889.4	4.969	35.243	230.03
1890.4	4.964	35.242	230.07
1891.4	4.957	35.242	230.11
1892.3	4.948	35.241	230.14
1893.3	4.94	35.239	230.19
1894.3	4.934	35.238	230.24
1895.3	4.93	35.236	230.29
1896.3	4.928	35.236	230.34
1897.3	4.924	35.236	230.37
1898.2	4.918	35.235	230.38
1899.2	4.911	35.234	230.36
1900.2	4.901	35.233	230.33
1901.2	4.889	35.232	230.28
1902.2	4.88	35.231	230.25
1903.2	4.873	35.229	230.23
1904.1	4.868	35.228	230.21
1905.1	4.867	35.227	230.21
1906.1	4.868	35.226	230.2
1907.1	4.865	35.226	230.18
1908.1	4.861	35.226	230.18
1909.1	4.858	35.226	230.19
1910.0	4.856	35.225	230.22
1911.0	4.854	35.225	230.29
1912.0	4.853	35.224	230.37
1913.0	4.853	35.224	230.46
1914.0	4.851	35.224	230.55
1915.0	4.847	35.224	230.64
1915.9	4.844	35.224	230.74
1916.9	4.84	35.223	230.86
1917.9	4.838	35.223	230.99
1918.9	4.836	35.222	231.14
1919.9	4.83	35.222	231.29
1920.9	4.819	35.222	231.42
1921.8	4.81	35.219	231.53
1922.8	4.806	35.218	231.62
1923.8	4.804	35.217	231.69
1924.8	4.803	35.217	231.76
1925.8	4.799	35.217	231.82
1926.8	4.794	35.217	231.86
1927.8	4.792	35.216	231.88
1928.7	4.79	35.215	231.89
1929.7	4.788	35.215	231.88
1930.7	4.783	35.215	231.87
1931.7	4.779	35.214	231.87
1932.7	4.774	35.214	231.89
1933.7	4.765	35.213	231.91
1934.6	4.757	35.212	231.94
1935.6	4.752	35.21	231.96
1936.6	4.747	35.21	231.98
1937.6	4.74	35.209	232.0
1938.6	4.735	35.208	232.02
1939.6	4.732	35.207	232.04
1940.5	4.729	35.207	232.07
1941.5	4.725	35.206	232.09
1942.5	4.72	35.206	232.1
1943.5	4.715	35.205	232.09
1944.5	4.712	35.204	232.08
1945.5	4.711	35.203	232.06
1946.4	4.708	35.203	232.04
1947.4	4.705	35.203	232.04
1948.4	4.698	35.202	232.04
1949.4	4.692	35.201	232.05
1950.4	4.69	35.2	232.05
1951.4	4.685	35.2	232.05
1952.3	4.677	35.199	232.05
1953.3	4.673	35.198	232.05
1954.3	4.67	35.197	232.08
1955.3	4.667	35.197	232.12
1956.3	4.663	35.196	232.18
1957.3	4.659	35.196	232.25
1958.2	4.656	35.195	232.33
1959.2	4.655	35.194	232.41
1960.2	4.654	35.194	232.51
1961.2	4.654	35.195	232.62
1962.2	4.65	35.195	232.75
1963.2	4.641	35.194	232.87
1964.1	4.633	35.193	232.99
1965.1	4.628	35.191	233.1
1966.1	4.623	35.191	233.2
1967.1	4.619	35.19	233.28
1968.1	4.616	35.189	233.35
1969.1	4.613	35.189	233.38
1970.0	4.61	35.188	233.4
1971.0	4.608	35.187	233.41
1972.0	4.606	35.187	233.41
1973.0	4.603	35.187	233.4
1974.0	4.6	35.187	233.38
1975.0	4.599	35.187	233.37
1975.9	4.598	35.186	233.35
1976.9	4.597	35.186	233.34
1977.9	4.597	35.186	233.34
1978.9	4.596	35.186	233.38
1979.9	4.595	35.186	233.43
1980.9	4.594	35.186	233.5
1981.8	4.593	35.185	233.57
1982.8	4.59	35.185	233.63
1983.8	4.584	35.185	233.68
1984.8	4.578	35.184	233.74
1985.8	4.574	35.183	233.78
1986.8	4.571	35.183	233.81
1987.7	4.567	35.182	233.83
1988.7	4.564	35.182	233.83
1989.7	4.561	35.181	233.79
1990.7	4.558	35.181	233.73
1991.7	4.554	35.18	233.66
1992.7	4.549	35.179	233.59
1993.6	4.546	35.179	233.54
1994.6	4.544	35.178	233.49
1995.6	4.543	35.178	233.46
1996.6	4.541	35.178	233.43
1997.6	4.54	35.178	233.42
1998.6	4.538	35.178	233.42
1999.5	4.535	35.178	233.44
2000.5	4.529	35.177	233.48
2001.5	4.522	35.177	233.55
2002.5	4.515	35.175	233.62
2003.5	4.511	35.174	233.7
2004.5	4.508	35.174	233.76
2005.4	4.5	35.173	233.81
2006.4	4.492	35.172	233.85
2007.4	4.486	35.171	233.9
2008.4	4.479	35.171	233.95
2009.4	4.471	35.17	234.01
2010.4	4.463	35.168	234.07
2011.3	4.456	35.167	234.12
2012.3	4.451	35.166	234.16
2013.3	4.448	35.165	234.21
2014.3	4.444	35.165	234.26
2015.3	4.442	35.164	234.32
2016.3	4.439	35.164	234.39
2017.2	4.435	35.163	234.45
2018.2	4.43	35.163	234.5
2019.2	4.423	35.163	234.55
2020.2	4.412	35.162	234.58
2021.2	4.404	35.16	234.6
2022.2	4.401	35.158	234.62
2023.1	4.398	35.158	234.61
2024.1	4.395	35.157	234.58
2025.1	4.39	35.157	234.53
2026.1	4.385	35.156	234.47
2027.1	4.378	35.156	234.4
2028.0	4.371	35.155	234.35
2029.0	4.365	35.154	234.3
2030.0	4.362	35.153	234.25
2031.0	4.356	35.152	234.19
2032.0	4.35	35.151	234.14
2033.0	4.346	35.15	234.09
2033.9	4.344	35.15	234.06
2034.9	4.343	35.15	234.06
2035.9	4.341	35.149	234.06
2036.9	4.341	35.149	234.07
2037.9	4.339	35.149	234.08
2038.9	4.335	35.149	234.07
2039.8	4.331	35.149	234.06
2040.8	4.326	35.148	234.05
2041.8	4.325	35.147	234.06
2042.8	4.325	35.147	234.08
2043.8	4.324	35.147	234.11
2044.8	4.322	35.147	234.13
2045.7	4.318	35.147	234.15
2046.7	4.313	35.146	234.18
2047.7	4.307	35.146	234.2
2048.7	4.301	35.145	234.24
2049.7	4.294	35.144	234.28
2050.7	4.285	35.143	234.32
2051.6	4.278	35.142	234.36
2052.6	4.274	35.141	234.38
2053.6	4.272	35.14	234.38
2054.6	4.27	35.14	234.37
2055.6	4.267	35.139	234.36
2056.6	4.262	35.14	234.35
2057.5	4.255	35.139	234.34
2058.5	4.25	35.138	234.32
2059.5	4.249	35.137	234.31
2060.5	4.248	35.136	234.29
2061.5	4.248	35.136	234.28
2062.5	4.247	35.136	234.27
2063.4	4.245	35.136	234.27
2064.4	4.24	35.136	234.29
2065.4	4.235	35.135	234.31
2066.4	4.23	35.134	234.32
2067.4	4.225	35.133	234.32
2068.4	4.222	35.133	234.33
2069.3	4.215	35.133	234.35
2070.3	4.21	35.132	234.36
2071.3	4.209	35.131	234.37
2072.3	4.208	35.131	234.38
2073.3	4.207	35.131	234.37
2074.3	4.204	35.131	234.36
2075.2	4.2	35.13	234.34
2076.2	4.198	35.13	234.33
2077.2	4.196	35.129	234.31
2078.2	4.195	35.129	234.31
2079.2	4.195	35.128	234.3
2080.1	4.195	35.128	234.29
2081.1	4.195	35.129	234.29
2082.1	4.195	35.129	234.3
2083.1	4.195	35.129	234.33
2084.1	4.194	35.129	234.38
2085.1	4.193	35.129	234.45
2086.0	4.191	35.129	234.55
2087.0	4.189	35.128	234.67
2088.0	4.185	35.128	234.8
2089.0	4.181	35.128	234.93
2090.0	4.177	35.127	235.07
2091.0	4.176	35.127	235.21
2091.9	4.174	35.126	235.35
2092.9	4.171	35.126	235.47
2093.9	4.169	35.126	235.58
2094.9	4.166	35.125	235.66
2095.9	4.164	35.125	235.71
2096.9	4.16	35.124	235.72
2097.8	4.156	35.124	235.71
2098.8	4.153	35.123	235.67
2099.8	4.15	35.123	235.62
2100.8	4.148	35.123	235.55
2101.8	4.144	35.123	235.46
2102.8	4.138	35.122	235.36
2103.7	4.133	35.122	235.26
2104.7	4.129	35.12	235.16
2105.7	4.127	35.12	235.09
2106.7	4.126	35.119	235.03
2107.7	4.124	35.119	235.0
2108.6	4.124	35.118	234.98
2109.6	4.124	35.118	234.98
2110.6	4.122	35.119	235.0
2111.6	4.118	35.119	235.03
2112.6	4.117	35.118	235.07
2113.6	4.116	35.118	235.12
2114.5	4.115	35.118	235.17
2115.5	4.112	35.118	235.22
2116.5	4.11	35.117	235.26
2117.5	4.109	35.117	235.3
2118.5	4.108	35.117	235.33
2119.5	4.107	35.117	235.35
2120.4	4.105	35.117	235.38
2121.4	4.105	35.116	235.41
2122.4	4.105	35.116	235.44
2123.4	4.104	35.116	235.48
2124.4	4.104	35.116	235.53
2125.4	4.103	35.116	235.59
2126.3	4.103	35.116	235.68
2127.3	4.102	35.116	235.77
2128.3	4.102	35.116	235.88
2129.3	4.101	35.116	235.99
2130.3	4.1	35.116	236.11
2131.2	4.099	35.115	236.21
2132.2	4.099	35.115	236.29
2133.2	4.098	35.115	236.36
2134.2	4.097	35.115	236.41
2135.2	4.093	35.115	236.44
2136.2	4.087	35.115	236.44
2137.1	4.082	35.114	236.4
2138.1	4.08	35.113	236.32
2139.1	4.079	35.113	236.19
2140.1	4.075	35.113	236.03
2141.1	4.069	35.113	235.84
2142.1	4.063	35.112	235.63
2143.0	4.06	35.11	235.4
2144.0	4.061	35.11	235.15
2145.0	4.055	35.11	234.87
2146.0	4.047	35.109	234.58
2147.0	4.043	35.109	234.28
