Depth [m]	Temperature [degC]	Salinity [PSU]	Oxygen [umol/kg]
1.0	21.748	36.615	241.47
2.0	21.748	36.615	241.29
3.0	21.748	36.615	241.17
4.0	21.748	36.615	241.17
5.0	21.748	36.615	241.32
6.0	21.748	36.615	241.68
6.9	21.75	36.614	242.28
7.9	21.747	36.616	243.18
8.9	21.719	36.62	244.38
9.9	21.649	36.624	245.82
10.9	21.592	36.619	247.48
11.9	21.574	36.611	249.32
12.9	21.555	36.609	251.27
13.9	21.528	36.61	253.25
14.9	21.495	36.61	255.2
15.9	21.455	36.61	257.06
16.9	21.405	36.609	258.79
17.9	21.345	36.606	260.39
18.9	21.298	36.599	261.77
19.9	21.263	36.594	262.9
20.8	21.236	36.591	263.81
21.8	21.216	36.59	264.51
22.8	21.202	36.589	265.05
23.8	21.188	36.588	265.49
24.8	21.177	36.587	265.91
25.8	21.169	36.586	266.35
26.8	21.155	36.586	266.85
27.8	21.121	36.589	267.41
28.8	21.067	36.59	268.03
29.8	20.952	36.593	268.71
30.8	20.693	36.603	269.5
31.8	20.224	36.592	270.39
32.8	19.805	36.551	271.34
33.7	19.659	36.52	272.29
34.7	19.531	36.512	273.19
35.7	19.329	36.514	274.0
36.7	19.106	36.514	274.7
37.7	18.896	36.5	275.27
38.7	18.709	36.467	275.71
39.7	18.627	36.443	276.03
40.7	18.533	36.444	276.22
41.7	18.342	36.449	276.24
42.7	18.184	36.434	276.1
43.7	18.148	36.413	275.82
44.7	18.113	36.408	275.45
45.7	18.054	36.408	274.98
46.7	17.977	36.41	274.42
47.6	17.881	36.409	273.77
48.6	17.764	36.404	273.03
49.6	17.596	36.399	272.19
50.6	17.422	36.386	271.25
51.6	17.317	36.37	270.2
52.6	17.233	36.361	269.07
53.6	17.148	36.356	267.86
54.6	17.092	36.348	266.57
55.6	17.068	36.343	265.2
56.6	17.057	36.342	263.75
57.6	17.045	36.341	262.26
58.6	17.03	36.341	260.74
59.6	16.993	36.344	259.19
60.5	16.917	36.347	257.61
61.5	16.834	36.342	256.04
62.5	16.775	36.332	254.49
63.5	16.734	36.326	252.96
64.5	16.685	36.325	251.47
65.5	16.637	36.323	250.0
66.5	16.607	36.315	248.59
67.5	16.591	36.308	247.22
68.5	16.574	36.304	245.89
69.5	16.548	36.303	244.61
70.5	16.516	36.302	243.4
71.5	16.49	36.298	242.26
72.5	16.464	36.293	241.17
73.4	16.445	36.289	240.1
74.4	16.428	36.287	239.04
75.4	16.409	36.286	237.98
76.4	16.371	36.285	236.9
77.4	16.304	36.282	235.81
78.4	16.231	36.272	234.71
79.4	16.167	36.263	233.58
80.4	16.112	36.257	232.42
81.4	16.052	36.251	231.23
82.4	15.994	36.243	230.0
83.4	15.946	36.23	228.74
84.4	15.905	36.222	227.51
85.4	15.849	36.216	226.32
86.3	15.789	36.206	225.2
87.3	15.757	36.197	224.16
88.3	15.73	36.193	223.18
89.3	15.701	36.188	222.26
90.3	15.684	36.183	221.39
91.3	15.673	36.18	220.58
92.3	15.657	36.179	219.81
93.3	15.639	36.176	219.04
94.3	15.625	36.173	218.22
95.3	15.613	36.171	217.34
96.3	15.598	36.168	216.41
97.3	15.584	36.164	215.44
98.3	15.568	36.162	214.41
99.2	15.535	36.158	213.33
100.2	15.491	36.152	212.24
101.2	15.438	36.144	211.15
102.2	15.372	36.133	210.09
103.2	15.333	36.122	209.08
104.2	15.312	36.116	208.21
105.2	15.27	36.111	207.54
106.2	15.206	36.103	207.04
107.2	15.184	36.097	206.66
108.2	15.166	36.094	206.39
109.2	15.15	36.09	206.24
110.2	15.142	36.088	206.23
111.2	15.134	36.086	206.32
112.1	15.129	36.085	206.49
113.1	15.125	36.084	206.69
114.1	15.122	36.083	206.89
115.1	15.117	36.083	207.06
116.1	15.109	36.083	207.18
117.1	15.091	36.083	207.29
118.1	15.068	36.079	207.4
119.1	15.046	36.074	207.5
120.1	15.015	36.07	207.55
121.1	14.959	36.063	207.55
122.1	14.886	36.051	207.49
123.1	14.845	36.041	207.41
124.0	14.832	36.035	207.35
125.0	14.82	36.032	207.31
126.0	14.811	36.03	207.29
127.0	14.805	36.028	207.26
128.0	14.794	36.027	207.19
129.0	14.778	36.027	207.11
130.0	14.766	36.023	207.03
131.0	14.752	36.021	206.96
132.0	14.714	36.022	206.92
133.0	14.645	36.016	206.88
134.0	14.59	36.002	206.85
135.0	14.573	35.992	206.79
136.0	14.567	35.988	206.7
136.9	14.557	35.987	206.58
137.9	14.546	35.986	206.47
138.9	14.537	35.984	206.36
139.9	14.527	35.983	206.26
140.9	14.518	35.981	206.13
141.9	14.509	35.979	206.0
142.9	14.501	35.978	205.85
143.9	14.492	35.977	205.71
144.9	14.482	35.976	205.57
145.9	14.472	35.974	205.44
146.9	14.46	35.973	205.33
147.9	14.441	35.972	205.23
148.8	14.408	35.97	205.13
149.8	14.368	35.965	205.04
150.8	14.336	35.96	204.98
151.8	14.31	35.954	204.92
152.8	14.291	35.949	204.85
153.8	14.274	35.946	204.79
154.8	14.257	35.943	204.72
155.8	14.244	35.94	204.67
156.8	14.234	35.939	204.62
157.8	14.224	35.937	204.56
158.8	14.215	35.935	204.5
159.8	14.208	35.934	204.44
160.8	14.2	35.933	204.36
161.7	14.193	35.932	204.27
162.7	14.183	35.931	204.18
163.7	14.162	35.931	204.1
164.7	14.118	35.931	204.02
165.7	14.072	35.923	203.92
166.7	14.045	35.914	203.8
167.7	14.036	35.911	203.69
168.7	14.025	35.909	203.58
169.7	14.012	35.908	203.48
170.7	14.001	35.906	203.35
171.7	13.996	35.904	203.21
172.7	13.992	35.903	203.07
173.6	13.986	35.903	202.95
174.6	13.979	35.902	202.85
175.6	13.971	35.901	202.78
176.6	13.963	35.9	202.72
177.6	13.954	35.899	202.66
178.6	13.949	35.897	202.57
179.6	13.946	35.896	202.46
180.6	13.944	35.896	202.37
181.6	13.941	35.896	202.31
182.6	13.94	35.895	202.31
183.6	13.939	35.895	202.32
184.6	13.936	35.895	202.32
185.5	13.926	35.894	202.27
186.5	13.915	35.893	202.2
187.5	13.906	35.893	202.14
188.5	13.899	35.892	202.14
189.5	13.892	35.889	202.17
190.5	13.882	35.888	202.22
191.5	13.863	35.888	202.26
192.5	13.832	35.886	202.26
193.5	13.801	35.881	202.23
194.5	13.788	35.877	202.2
195.5	13.779	35.875	202.19
196.5	13.774	35.873	202.21
197.5	13.774	35.871	202.23
198.4	13.772	35.872	202.22
199.4	13.761	35.873	202.19
200.4	13.746	35.871	202.14
201.4	13.74	35.87	202.1
202.4	13.736	35.868	202.09
203.4	13.729	35.868	202.1
204.4	13.718	35.867	202.11
205.4	13.706	35.866	202.12
206.4	13.698	35.864	202.13
207.4	13.693	35.863	202.16
208.4	13.685	35.863	202.21
209.4	13.668	35.863	202.28
210.3	13.649	35.86	202.36
211.3	13.637	35.857	202.43
212.3	13.63	35.855	202.49
213.3	13.624	35.854	202.54
214.3	13.619	35.853	202.59
215.3	13.612	35.853	202.62
216.3	13.607	35.851	202.63
217.3	13.603	35.851	202.63
218.3	13.599	35.85	202.6
219.3	13.596	35.85	202.55
220.3	13.591	35.85	202.51
221.3	13.579	35.85	202.48
222.2	13.56	35.849	202.46
223.2	13.547	35.845	202.44
224.2	13.542	35.842	202.41
225.2	13.541	35.842	202.38
226.2	13.539	35.842	202.36
227.2	13.538	35.842	202.36
228.2	13.536	35.841	202.36
229.2	13.533	35.841	202.36
230.2	13.522	35.841	202.34
231.2	13.504	35.84	202.29
232.2	13.49	35.837	202.22
233.2	13.473	35.835	202.14
234.1	13.455	35.832	202.06
235.1	13.446	35.83	201.99
236.1	13.442	35.828	201.94
237.1	13.441	35.827	201.89
238.1	13.44	35.827	201.84
239.1	13.436	35.827	201.79
240.1	13.422	35.828	201.77
241.1	13.391	35.829	201.77
242.1	13.363	35.823	201.81
243.1	13.352	35.817	201.86
244.1	13.349	35.815	201.9
245.0	13.345	35.814	201.92
246.0	13.342	35.814	201.94
247.0	13.337	35.814	201.95
248.0	13.331	35.814	201.94
249.0	13.327	35.813	201.91
250.0	13.322	35.813	201.87
251.0	13.312	35.813	201.81
252.0	13.298	35.812	201.7
253.0	13.285	35.81	201.56
254.0	13.273	35.809	201.41
255.0	13.254	35.809	201.26
256.0	13.237	35.806	201.11
256.9	13.23	35.804	200.96
257.9	13.225	35.803	200.81
258.9	13.22	35.802	200.66
259.9	13.212	35.802	200.52
260.9	13.203	35.802	200.38
261.9	13.191	35.801	200.27
262.9	13.181	35.799	200.17
263.9	13.171	35.798	200.09
264.9	13.155	35.798	200.02
265.9	13.137	35.797	199.95
266.9	13.126	35.794	199.9
267.9	13.118	35.793	199.85
268.8	13.109	35.792	199.82
269.8	13.1	35.79	199.8
270.8	13.094	35.788	199.79
271.8	13.092	35.787	199.79
272.8	13.089	35.787	199.79
273.8	13.087	35.787	199.8
274.8	13.086	35.787	199.81
275.8	13.083	35.787	199.82
276.8	13.078	35.787	199.83
277.8	13.068	35.787	199.81
278.8	13.05	35.787	199.78
279.7	13.029	35.785	199.74
280.7	13.011	35.781	199.7
281.7	13.0	35.779	199.64
282.7	12.991	35.777	199.57
283.7	12.982	35.776	199.48
284.7	12.977	35.774	199.38
285.7	12.974	35.773	199.29
286.7	12.971	35.773	199.2
287.7	12.967	35.773	199.13
288.7	12.955	35.774	199.07
289.7	12.939	35.773	199.02
290.7	12.929	35.77	198.96
291.6	12.925	35.768	198.89
292.6	12.921	35.768	198.82
293.6	12.912	35.768	198.74
294.6	12.895	35.768	198.68
295.6	12.877	35.765	198.62
296.6	12.863	35.763	198.57
297.6	12.847	35.762	198.5
298.6	12.831	35.759	198.42
299.6	12.819	35.757	198.32
300.6	12.81	35.755	198.21
301.6	12.799	35.754	198.12
302.5	12.785	35.753	198.05
303.5	12.776	35.751	198.0
304.5	12.772	35.749	197.96
305.5	12.77	35.749	197.9
306.5	12.767	35.749	197.8
307.5	12.763	35.748	197.69
308.5	12.757	35.748	197.59
309.5	12.747	35.748	197.52
310.5	12.736	35.747	197.46
311.5	12.729	35.745	197.4
312.5	12.727	35.743	197.32
313.5	12.725	35.743	197.24
314.4	12.719	35.744	197.14
315.4	12.709	35.743	197.03
316.4	12.702	35.741	196.94
317.4	12.699	35.74	196.88
318.4	12.698	35.74	196.87
319.4	12.695	35.74	196.86
320.4	12.689	35.74	196.84
321.4	12.681	35.739	196.82
322.4	12.674	35.738	196.82
323.4	12.669	35.737	196.85
324.4	12.662	35.736	196.89
325.3	12.651	35.736	196.95
326.3	12.638	35.736	197.03
327.3	12.629	35.733	197.11
328.3	12.63	35.728	197.16
329.3	12.621	35.73	197.16
330.3	12.602	35.733	197.14
331.3	12.584	35.732	197.13
332.3	12.564	35.731	197.14
333.3	12.544	35.728	197.14
334.3	12.531	35.723	197.1
335.3	12.523	35.721	197.01
336.2	12.512	35.72	196.89
337.2	12.5	35.719	196.75
338.2	12.487	35.718	196.63
339.2	12.479	35.716	196.54
340.2	12.475	35.715	196.48
341.2	12.471	35.714	196.47
342.2	12.469	35.714	196.47
343.2	12.467	35.714	196.44
344.2	12.46	35.714	196.38
345.2	12.45	35.714	196.33
346.2	12.441	35.712	196.34
347.1	12.433	35.711	196.39
348.1	12.423	35.711	196.45
349.1	12.41	35.711	196.5
350.1	12.396	35.709	196.53
351.1	12.384	35.707	196.54
352.1	12.365	35.707	196.5
353.1	12.34	35.704	196.44
354.1	12.322	35.701	196.4
355.1	12.311	35.7	196.41
356.1	12.3	35.698	196.44
357.1	12.29	35.697	196.46
358.0	12.284	35.695	196.46
359.0	12.279	35.695	196.44
360.0	12.272	35.695	196.44
361.0	12.263	35.694	196.46
362.0	12.257	35.692	196.5
363.0	12.254	35.692	196.57
364.0	12.249	35.692	196.66
365.0	12.242	35.691	196.73
366.0	12.236	35.69	196.74
367.0	12.232	35.69	196.69
368.0	12.228	35.689	196.63
368.9	12.225	35.689	196.59
369.9	12.217	35.689	196.54
370.9	12.206	35.689	196.48
371.9	12.198	35.687	196.38
372.9	12.195	35.685	196.24
373.9	12.193	35.685	196.06
374.9	12.192	35.684	195.85
375.9	12.192	35.684	195.67
376.9	12.189	35.685	195.56
377.9	12.18	35.685	195.5
378.9	12.17	35.684	195.48
379.8	12.166	35.683	195.46
380.8	12.159	35.682	195.43
381.8	12.149	35.681	195.41
382.8	12.138	35.681	195.43
383.8	12.126	35.68	195.51
384.8	12.114	35.678	195.63
385.8	12.106	35.676	195.74
386.8	12.103	35.675	195.81
387.8	12.101	35.674	195.82
388.8	12.096	35.675	195.78
389.8	12.088	35.674	195.71
390.7	12.082	35.673	195.65
391.7	12.077	35.672	195.58
392.7	12.072	35.671	195.49
393.7	12.068	35.671	195.36
394.7	12.065	35.67	195.2
395.7	12.064	35.67	195.03
396.7	12.062	35.67	194.88
397.7	12.058	35.67	194.8
398.7	12.051	35.67	194.79
399.7	12.045	35.67	194.8
400.7	12.04	35.669	194.82
401.6	12.035	35.668	194.82
402.6	12.03	35.668	194.83
403.6	12.026	35.667	194.88
404.6	12.024	35.667	194.96
405.6	12.02	35.667	195.05
406.6	12.014	35.667	195.12
407.6	12.008	35.666	195.17
408.6	12.004	35.666	195.19
409.6	12.001	35.665	195.18
410.6	11.993	35.666	195.14
411.6	11.982	35.666	195.1
412.5	11.974	35.664	195.07
413.5	11.972	35.663	195.04
414.5	11.965	35.663	194.98
415.5	11.955	35.663	194.89
416.5	11.942	35.663	194.82
417.5	11.929	35.662	194.76
418.5	11.924	35.659	194.7
419.5	11.922	35.658	194.62
420.5	11.918	35.658	194.53
421.5	11.91	35.658	194.46
422.5	11.903	35.657	194.39
423.4	11.897	35.656	194.33
424.4	11.889	35.656	194.28
425.4	11.878	35.656	194.23
426.4	11.866	35.654	194.17
427.4	11.858	35.653	194.08
428.4	11.852	35.652	193.95
429.4	11.848	35.651	193.81
430.4	11.844	35.651	193.67
431.4	11.841	35.65	193.54
432.4	11.839	35.65	193.4
433.3	11.835	35.65	193.25
434.3	11.834	35.65	193.08
435.3	11.834	35.65	192.91
436.3	11.828	35.65	192.73
437.3	11.822	35.649	192.57
438.3	11.818	35.648	192.48
439.3	11.816	35.648	192.45
440.3	11.816	35.648	192.47
441.3	11.817	35.648	192.5
442.3	11.813	35.649	192.52
443.3	11.807	35.649	192.53
444.2	11.805	35.648	192.55
445.2	11.803	35.649	192.6
446.2	11.798	35.649	192.65
447.2	11.791	35.649	192.68
448.2	11.789	35.649	192.69
449.2	11.788	35.649	192.65
450.2	11.788	35.649	192.58
451.2	11.788	35.651	192.5
452.2	11.783	35.652	192.43
453.2	11.778	35.651	192.37
454.2	11.781	35.652	192.34
455.1	11.787	35.653	192.29
456.1	11.79	35.654	192.21
457.1	11.79	35.657	192.14
458.1	11.786	35.66	192.08
459.1	11.778	35.659	192.07
460.1	11.772	35.658	192.09
461.1	11.769	35.657	192.1
462.1	11.77	35.656	192.08
463.1	11.772	35.657	192.03
464.1	11.772	35.658	191.96
465.0	11.771	35.659	191.91
466.0	11.769	35.659	191.88
467.0	11.762	35.658	191.88
468.0	11.75	35.658	191.89
469.0	11.735	35.656	191.88
470.0	11.723	35.653	191.85
471.0	11.729	35.651	191.8
472.0	11.753	35.657	191.76
473.0	11.764	35.667	191.74
474.0	11.747	35.671	191.77
475.0	11.719	35.669	191.82
475.9	11.701	35.663	191.88
476.9	11.695	35.66	191.92
477.9	11.692	35.659	191.94
478.9	11.69	35.659	191.96
479.9	11.69	35.66	191.99
480.9	11.686	35.662	192.03
481.9	11.679	35.663	192.08
482.9	11.675	35.661	192.11
483.9	11.675	35.66	192.13
484.9	11.675	35.66	192.12
485.8	11.671	35.661	192.09
486.8	11.663	35.661	192.06
487.8	11.66	35.659	192.04
488.8	11.662	35.659	192.05
489.8	11.665	35.66	192.06
490.8	11.663	35.661	192.07
491.8	11.648	35.662	192.06
492.8	11.622	35.66	192.04
493.8	11.597	35.654	192.01
494.8	11.584	35.65	191.99
495.7	11.577	35.648	191.98
496.7	11.563	35.649	191.97
497.7	11.539	35.644	191.92
498.7	11.528	35.64	191.83
499.7	11.542	35.64	191.7
500.7	11.578	35.647	191.55
501.7	11.602	35.655	191.41
502.7	11.616	35.66	191.3
503.7	11.626	35.666	191.21
504.7	11.625	35.67	191.12
505.7	11.623	35.67	191.03
506.6	11.625	35.671	190.94
507.6	11.627	35.672	190.87
508.6	11.629	35.674	190.84
509.6	11.628	35.676	190.86
510.6	11.625	35.678	190.91
511.6	11.621	35.678	190.96
512.6	11.616	35.678	190.99
513.6	11.602	35.679	190.99
514.6	11.587	35.677	190.97
515.6	11.58	35.674	190.96
516.5	11.576	35.674	190.95
517.5	11.571	35.675	190.92
518.5	11.562	35.675	190.86
519.5	11.555	35.673	190.74
520.5	11.553	35.671	190.57
521.5	11.545	35.671	190.37
522.5	11.529	35.673	190.17
523.5	11.508	35.672	190.01
524.5	11.496	35.668	189.86
525.5	11.498	35.666	189.72
526.4	11.502	35.667	189.56
527.4	11.506	35.667	189.41
528.4	11.517	35.67	189.28
529.4	11.528	35.677	189.18
530.4	11.516	35.684	189.13
531.4	11.496	35.682	189.13
532.4	11.487	35.677	189.14
533.4	11.472	35.678	189.16
534.4	11.431	35.677	189.16
535.4	11.38	35.665	189.16
536.3	11.353	35.653	189.16
537.3	11.347	35.647	189.17
538.3	11.345	35.645	189.18
539.3	11.346	35.644	189.18
540.3	11.352	35.646	189.18
541.3	11.356	35.649	189.18
542.3	11.359	35.652	189.16
543.3	11.362	35.654	189.12
544.3	11.365	35.657	189.04
545.3	11.367	35.659	188.95
546.2	11.37	35.659	188.86
547.2	11.376	35.662	188.78
548.2	11.381	35.667	188.71
549.2	11.385	35.671	188.64
550.2	11.39	35.674	188.56
551.2	11.394	35.677	188.47
552.2	11.395	35.679	188.38
553.2	11.393	35.681	188.31
554.2	11.387	35.682	188.29
555.2	11.379	35.681	188.33
556.1	11.376	35.68	188.4
557.1	11.386	35.682	188.49
558.1	11.403	35.687	188.58
559.1	11.414	35.693	188.68
560.1	11.42	35.698	188.77
561.1	11.409	35.701	188.83
562.1	11.393	35.697	188.87
563.1	11.409	35.696	188.87
564.1	11.446	35.708	188.84
565.1	11.462	35.72	188.77
566.0	11.456	35.727	188.64
567.0	11.426	35.726	188.44
568.0	11.395	35.719	188.19
569.0	11.38	35.713	187.88
570.0	11.376	35.713	187.53
571.0	11.37	35.715	187.17
572.0	11.358	35.715	186.84
573.0	11.351	35.712	186.54
574.0	11.354	35.71	186.27
575.0	11.356	35.711	186.02
575.9	11.339	35.714	185.79
576.9	11.301	35.711	185.6
577.9	11.286	35.703	185.5
578.9	11.29	35.7	185.47
579.9	11.295	35.701	185.52
580.9	11.302	35.703	185.6
581.9	11.321	35.707	185.68
582.9	11.337	35.714	185.78
583.9	11.349	35.718	185.88
584.9	11.361	35.723	186.01
585.8	11.366	35.728	186.15
586.8	11.356	35.729	186.28
587.8	11.34	35.726	186.36
588.8	11.331	35.722	186.37
589.8	11.33	35.723	186.3
590.8	11.329	35.726	186.21
591.8	11.32	35.728	186.11
592.8	11.307	35.729	186.02
593.8	11.29	35.729	185.92
594.8	11.28	35.725	185.79
595.7	11.279	35.724	185.62
596.7	11.29	35.724	185.43
597.7	11.312	35.729	185.26
598.7	11.318	35.739	185.13
599.7	11.314	35.742	185.07
600.7	11.31	35.742	185.06
601.7	11.306	35.741	185.08
602.7	11.297	35.74	185.08
603.7	11.287	35.74	185.07
604.7	11.284	35.739	185.06
605.6	11.286	35.74	185.07
606.6	11.29	35.741	185.08
607.6	11.293	35.743	185.09
608.6	11.294	35.745	185.06
609.6	11.294	35.747	184.99
610.6	11.297	35.748	184.87
611.6	11.307	35.75	184.7
612.6	11.321	35.757	184.52
613.6	11.322	35.762	184.33
614.5	11.314	35.763	184.16
615.5	11.311	35.762	184.0
616.5	11.309	35.761	183.84
617.5	11.304	35.761	183.67
618.5	11.3	35.761	183.52
619.5	11.3	35.761	183.4
620.5	11.3	35.761	183.3
621.5	11.299	35.763	183.22
622.5	11.298	35.769	183.17
623.5	11.298	35.772	183.15
624.4	11.301	35.776	183.16
625.4	11.303	35.778	183.19
626.4	11.304	35.779	183.22
627.4	11.31	35.782	183.25
628.4	11.313	35.785	183.3
629.4	11.319	35.786	183.4
630.4	11.331	35.79	183.52
631.4	11.34	35.795	183.65
632.4	11.343	35.798	183.77
633.4	11.344	35.8	183.85
634.3	11.342	35.801	183.88
635.3	11.335	35.802	183.87
636.3	11.326	35.802	183.82
637.3	11.32	35.802	183.76
638.3	11.319	35.803	183.69
639.3	11.319	35.804	183.6
640.3	11.32	35.805	183.47
641.3	11.321	35.806	183.3
642.3	11.323	35.808	183.12
643.3	11.327	35.811	182.96
644.2	11.33	35.814	182.84
645.2	11.34	35.819	182.78
646.2	11.354	35.826	182.76
647.2	11.367	35.833	182.76
648.2	11.375	35.838	182.77
649.2	11.379	35.841	182.8
650.2	11.381	35.844	182.85
651.2	11.379	35.846	182.92
652.2	11.379	35.847	182.99
653.1	11.379	35.849	183.06
654.1	11.378	35.851	183.13
655.1	11.377	35.852	183.2
656.1	11.377	35.852	183.27
657.1	11.378	35.852	183.33
658.1	11.378	35.853	183.39
659.1	11.379	35.854	183.44
660.1	11.38	35.854	183.49
661.1	11.379	35.855	183.53
662.1	11.378	35.855	183.57
663.0	11.375	35.855	183.61
664.0	11.372	35.856	183.66
665.0	11.37	35.857	183.71
666.0	11.369	35.858	183.73
667.0	11.37	35.86	183.71
668.0	11.372	35.861	183.67
669.0	11.377	35.862	183.61
670.0	11.386	35.865	183.54
671.0	11.396	35.872	183.45
671.9	11.4	35.878	183.33
672.9	11.4	35.879	183.17
673.9	11.4	35.879	182.98
674.9	11.4	35.879	182.75
675.9	11.4	35.88	182.51
676.9	11.399	35.882	182.26
677.9	11.392	35.884	182.0
678.9	11.386	35.881	181.74
679.9	11.382	35.879	181.48
680.9	11.337	35.88	181.21
681.8	11.29	35.874	180.96
682.8	11.283	35.867	180.74
683.8	11.286	35.865	180.55
684.8	11.29	35.865	180.37
685.8	11.268	35.868	180.2
686.8	11.204	35.865	180.03
687.8	11.175	35.85	179.85
688.8	11.168	35.844	179.69
689.8	11.145	35.844	179.53
690.7	11.093	35.841	179.37
691.7	11.022	35.83	179.2
692.7	10.984	35.816	179.01
693.7	10.976	35.807	178.8
694.7	10.976	35.806	178.57
695.7	10.976	35.806	178.34
696.7	10.974	35.806	178.12
697.7	10.968	35.808	177.92
698.7	10.951	35.808	177.74
699.6	10.924	35.805	177.56
700.6	10.897	35.8	177.38
701.6	10.869	35.796	177.21
702.6	10.841	35.792	177.03
703.6	10.821	35.785	176.83
704.6	10.814	35.782	176.61
705.6	10.805	35.78	176.36
706.6	10.796	35.779	176.09
707.6	10.781	35.779	175.8
708.6	10.758	35.778	175.48
709.5	10.728	35.774	175.15
710.5	10.714	35.766	174.81
711.5	10.683	35.758	174.45
712.5	10.618	35.749	174.09
713.5	10.636	35.745	173.73
714.5	10.649	35.751	173.42
715.5	10.653	35.754	173.18
716.5	10.662	35.756	173.0
717.5	10.676	35.76	172.87
718.4	10.686	35.764	172.77
719.4	10.691	35.767	172.71
720.4	10.696	35.769	172.68
721.4	10.702	35.772	172.66
722.4	10.701	35.773	172.67
723.4	10.698	35.773	172.7
724.4	10.696	35.772	172.72
725.4	10.695	35.772	172.7
726.4	10.691	35.773	172.63
727.3	10.57	35.766	172.53
728.3	10.447	35.743	172.39
729.3	10.432	35.726	172.22
730.3	10.435	35.722	172.03
731.3	10.442	35.725	171.82
732.3	10.447	35.726	171.61
733.3	10.452	35.728	171.38
734.3	10.46	35.73	171.17
735.3	10.475	35.731	171.0
736.3	10.499	35.738	170.88
737.2	10.513	35.747	170.81
738.2	10.513	35.751	170.8
739.2	10.502	35.75	170.83
740.2	10.489	35.747	170.9
741.2	10.486	35.745	171.01
742.2	10.497	35.745	171.16
743.2	10.516	35.751	171.34
744.2	10.532	35.759	171.56
745.2	10.617	35.77	171.81
746.1	10.698	35.796	172.06
747.1	10.705	35.814	172.32
748.1	10.701	35.817	172.58
749.1	10.698	35.816	172.83
750.1	10.692	35.816	173.07
751.1	10.679	35.816	173.28
752.1	10.663	35.814	173.46
753.1	10.648	35.813	173.61
754.1	10.627	35.809	173.71
755.0	10.614	35.806	173.78
756.0	10.609	35.804	173.81
757.0	10.609	35.805	173.81
758.0	10.608	35.807	173.79
759.0	10.607	35.807	173.74
760.0	10.604	35.808	173.68
761.0	10.598	35.808	173.6
762.0	10.593	35.806	173.5
763.0	10.598	35.807	173.41
763.9	10.594	35.81	173.33
764.9	10.581	35.809	173.26
765.9	10.574	35.806	173.2
766.9	10.567	35.806	173.15
767.9	10.556	35.805	173.09
768.9	10.551	35.804	173.03
769.9	10.543	35.805	172.97
770.9	10.502	35.803	172.9
771.9	10.479	35.797	172.86
772.8	10.473	35.791	172.86
773.8	10.504	35.796	172.89
774.8	10.53	35.807	172.94
775.8	10.532	35.812	173.01
776.8	10.528	35.812	173.08
777.8	10.526	35.811	173.17
778.8	10.531	35.812	173.28
779.8	10.534	35.814	173.4
780.8	10.534	35.816	173.52
781.7	10.53	35.817	173.64
782.7	10.524	35.817	173.74
783.7	10.513	35.817	173.81
784.7	10.502	35.816	173.86
785.7	10.489	35.814	173.88
786.7	10.485	35.811	173.88
787.7	10.484	35.812	173.85
788.7	10.472	35.813	173.77
789.7	10.465	35.812	173.65
790.6	10.465	35.811	173.52
791.6	10.47	35.812	173.37
792.6	10.473	35.812	173.22
793.6	10.477	35.814	173.07
794.6	10.478	35.817	172.91
795.6	10.479	35.818	172.73
796.6	10.481	35.819	172.54
797.6	10.483	35.82	172.37
798.6	10.483	35.821	172.24
799.5	10.483	35.821	172.16
800.5	10.488	35.823	172.14
801.5	10.486	35.825	172.16
802.5	10.483	35.824	172.19
803.5	10.481	35.826	172.22
804.5	10.475	35.83	172.28
805.5	10.464	35.83	172.38
806.5	10.453	35.828	172.52
807.5	10.447	35.827	172.69
808.4	10.443	35.826	172.87
809.4	10.442	35.826	173.04
810.4	10.441	35.826	173.19
811.4	10.441	35.827	173.31
812.4	10.44	35.828	173.42
813.4	10.439	35.829	173.53
814.4	10.437	35.83	173.64
815.4	10.437	35.83	173.75
816.4	10.436	35.83	173.84
817.3	10.435	35.83	173.91
818.3	10.434	35.83	173.97
819.3	10.433	35.83	174.03
820.3	10.434	35.831	174.09
821.3	10.439	35.831	174.15
822.3	10.451	35.834	174.21
823.3	10.463	35.84	174.27
824.3	10.468	35.845	174.34
825.3	10.459	35.847	174.4
826.2	10.445	35.845	174.45
827.2	10.439	35.842	174.5
828.2	10.434	35.842	174.54
829.2	10.429	35.842	174.57
830.2	10.427	35.841	174.6
831.2	10.425	35.841	174.63
832.2	10.423	35.842	174.67
833.2	10.423	35.842	174.71
834.2	10.43	35.844	174.74
835.1	10.443	35.846	174.78
836.1	10.46	35.852	174.83
837.1	10.47	35.859	174.89
838.1	10.469	35.862	174.96
839.1	10.465	35.863	175.04
840.1	10.454	35.863	175.1
841.1	10.444	35.862	175.15
842.1	10.436	35.861	175.17
843.1	10.43	35.86	175.16
844.0	10.425	35.86	175.14
845.0	10.415	35.86	175.12
846.0	10.401	35.86	175.08
847.0	10.394	35.858	175.03
848.0	10.391	35.857	174.96
849.0	10.388	35.857	174.88
850.0	10.38	35.858	174.79
851.0	10.374	35.859	174.74
852.0	10.372	35.859	174.73
852.9	10.369	35.86	174.76
853.9	10.367	35.861	174.82
854.9	10.365	35.861	174.9
855.9	10.363	35.861	174.98
856.9	10.361	35.862	175.08
857.9	10.36	35.863	175.2
858.9	10.359	35.863	175.32
859.9	10.358	35.863	175.45
860.8	10.357	35.863	175.57
861.8	10.356	35.864	175.68
862.8	10.355	35.866	175.77
863.8	10.359	35.868	175.84
864.8	10.363	35.871	175.89
865.8	10.358	35.873	175.93
866.8	10.357	35.873	175.97
867.8	10.357	35.873	176.01
868.8	10.356	35.873	176.03
869.7	10.353	35.873	176.05
870.7	10.345	35.873	176.07
871.7	10.338	35.872	176.08
872.7	10.33	35.872	176.09
873.7	10.32	35.871	176.09
874.7	10.317	35.87	176.1
875.7	10.32	35.87	176.11
876.7	10.322	35.873	176.09
877.7	10.322	35.874	176.06
878.6	10.324	35.874	176.01
879.6	10.326	35.875	175.96
880.6	10.328	35.876	175.9
881.6	10.329	35.877	175.86
882.6	10.331	35.878	175.82
883.6	10.336	35.881	175.78
884.6	10.343	35.884	175.74
885.6	10.355	35.89	175.7
886.5	10.353	35.895	175.68
887.5	10.343	35.895	175.7
888.5	10.335	35.893	175.76
889.5	10.332	35.891	175.85
890.5	10.331	35.891	175.96
891.5	10.332	35.893	176.07
892.5	10.332	35.895	176.2
893.5	10.333	35.895	176.32
894.5	10.333	35.896	176.45
895.4	10.334	35.897	176.58
896.4	10.334	35.898	176.71
897.4	10.334	35.898	176.82
898.4	10.334	35.899	176.92
899.4	10.334	35.9	177.0
900.4	10.334	35.9	177.06
901.4	10.334	35.9	177.1
902.4	10.334	35.901	177.12
903.4	10.334	35.901	177.12
904.3	10.333	35.901	177.1
905.3	10.333	35.902	177.07
906.3	10.332	35.902	177.03
907.3	10.333	35.902	176.99
908.3	10.332	35.902	176.95
909.3	10.331	35.903	176.91
910.3	10.331	35.903	176.86
911.3	10.331	35.902	176.8
912.2	10.33	35.903	176.74
913.2	10.327	35.904	176.69
914.2	10.316	35.904	176.67
915.2	10.305	35.901	176.67
916.2	10.302	35.899	176.67
917.2	10.302	35.899	176.65
918.2	10.303	35.9	176.62
919.2	10.304	35.9	176.57
920.2	10.303	35.901	176.52
921.1	10.301	35.902	176.46
922.1	10.3	35.905	176.42
923.1	10.295	35.907	176.39
924.1	10.295	35.906	176.36
925.1	10.3	35.907	176.3
926.1	10.311	35.91	176.24
927.1	10.32	35.915	176.2
928.1	10.323	35.916	176.2
929.0	10.325	35.918	176.24
930.0	10.326	35.919	176.32
931.0	10.33	35.921	176.42
932.0	10.333	35.922	176.53
933.0	10.333	35.925	176.62
934.0	10.325	35.927	176.69
935.0	10.316	35.926	176.78
936.0	10.311	35.925	176.87
937.0	10.309	35.924	176.96
937.9	10.308	35.924	177.04
938.9	10.307	35.925	177.08
939.9	10.308	35.925	177.07
940.9	10.308	35.925	177.03
941.9	10.308	35.925	176.96
942.9	10.309	35.925	176.87
943.9	10.309	35.926	176.81
944.9	10.31	35.927	176.77
945.8	10.311	35.929	176.73
946.8	10.31	35.93	176.7
947.8	10.308	35.931	176.66
948.8	10.304	35.932	176.62
949.8	10.305	35.933	176.62
950.8	10.309	35.934	176.67
951.8	10.313	35.935	176.75
952.8	10.318	35.938	176.87
953.8	10.32	35.94	177.0
954.7	10.323	35.941	177.11
955.7	10.33	35.943	177.21
956.7	10.334	35.947	177.31
957.7	10.334	35.948	177.42
958.7	10.335	35.948	177.55
959.7	10.337	35.95	177.69
960.7	10.338	35.951	177.81
961.7	10.338	35.952	177.91
962.6	10.339	35.952	177.99
963.6	10.344	35.954	178.05
964.6	10.349	35.956	178.12
965.6	10.358	35.959	178.21
966.6	10.365	35.964	178.31
967.6	10.369	35.968	178.41
968.6	10.365	35.97	178.5
969.6	10.359	35.97	178.58
970.5	10.353	35.97	178.65
971.5	10.35	35.969	178.73
972.5	10.351	35.969	178.81
973.5	10.353	35.97	178.9
974.5	10.354	35.971	179.01
975.5	10.354	35.972	179.1
976.5	10.354	35.972	179.18
977.5	10.355	35.974	179.24
978.5	10.356	35.977	179.28
979.4	10.355	35.978	179.31
980.4	10.352	35.979	179.33
981.4	10.348	35.978	179.35
982.4	10.346	35.977	179.36
983.4	10.348	35.978	179.37
984.4	10.349	35.978	179.36
985.4	10.347	35.979	179.35
986.4	10.335	35.981	179.33
987.3	10.32	35.98	179.32
988.3	10.319	35.977	179.33
989.3	10.322	35.978	179.36
990.3	10.318	35.98	179.39
991.3	10.314	35.979	179.43
992.3	10.314	35.978	179.46
993.3	10.315	35.978	179.49
994.3	10.316	35.979	179.5
995.2	10.316	35.98	179.49
996.2	10.316	35.98	179.48
997.2	10.316	35.98	179.47
998.2	10.315	35.98	179.43
999.2	10.309	35.981	179.39
1000.2	10.298	35.98	179.33
1001.2	10.294	35.978	179.27
1002.2	10.29	35.978	179.21
1003.2	10.285	35.978	179.16
1004.1	10.283	35.978	179.12
1005.1	10.283	35.978	179.12
1006.1	10.287	35.98	179.15
1007.1	10.289	35.983	179.2
1008.1	10.291	35.984	179.27
1009.1	10.299	35.986	179.36
1010.1	10.309	35.989	179.47
1011.1	10.315	35.993	179.61
1012.0	10.321	35.996	179.77
1013.0	10.323	35.999	179.94
1014.0	10.316	36.0	180.11
1015.0	10.309	35.998	180.26
1016.0	10.311	35.997	180.39
1017.0	10.319	35.999	180.5
1018.0	10.334	36.004	180.59
1019.0	10.349	36.01	180.66
1019.9	10.363	36.017	180.7
1020.9	10.369	36.022	180.71
1021.9	10.37	36.023	180.68
1022.9	10.372	36.023	180.63
1023.9	10.379	36.024	180.57
1024.9	10.386	36.027	180.52
1025.9	10.386	36.031	180.48
1026.9	10.38	36.031	180.47
1027.8	10.376	36.031	180.47
1028.8	10.371	36.03	180.48
1029.8	10.37	36.029	180.5
1030.8	10.376	36.03	180.56
1031.8	10.385	36.035	180.65
1032.8	10.39	36.037	180.78
1033.8	10.395	36.038	180.91
1034.8	10.399	36.04	181.06
1035.7	10.4	36.042	181.21
1036.7	10.401	36.042	181.35
1037.7	10.402	36.041	181.48
1038.7	10.406	36.042	181.61
1039.7	10.411	36.044	181.73
1040.7	10.414	36.046	181.85
1041.7	10.417	36.047	181.95
1042.7	10.43	36.049	182.03
1043.7	10.449	36.055	182.1
1044.6	10.467	36.062	182.15
1045.6	10.478	36.067	182.19
1046.6	10.487	36.069	182.23
1047.6	10.498	36.073	182.25
1048.6	10.506	36.077	182.28
1049.6	10.511	36.079	182.29
1050.6	10.51	36.081	182.29
1051.6	10.505	36.081	182.26
1052.5	10.504	36.081	182.22
1053.5	10.506	36.082	182.16
1054.5	10.507	36.082	182.09
1055.5	10.506	36.082	182.02
1056.5	10.506	36.082	181.96
1057.5	10.506	36.082	181.9
1058.5	10.507	36.083	181.85
1059.5	10.51	36.084	181.8
1060.4	10.52	36.085	181.76
1061.4	10.533	36.089	181.75
1062.4	10.538	36.094	181.78
1063.4	10.533	36.097	181.85
1064.4	10.514	36.095	181.95
1065.4	10.49	36.091	182.07
1066.4	10.466	36.086	182.19
1067.4	10.45	36.081	182.31
1068.3	10.45	36.078	182.4
1069.3	10.449	36.078	182.47
1070.3	10.448	36.078	182.51
1071.3	10.446	36.078	182.53
1072.3	10.442	36.077	182.53
1073.3	10.442	36.076	182.49
1074.3	10.447	36.077	182.43
1075.3	10.452	36.08	182.35
1076.2	10.454	36.081	182.26
1077.2	10.455	36.082	182.16
1078.2	10.454	36.083	182.08
1079.2	10.451	36.083	182.04
1080.2	10.449	36.083	182.04
1081.2	10.448	36.083	182.09
1082.2	10.446	36.082	182.18
1083.2	10.442	36.083	182.28
1084.1	10.437	36.082	182.4
1085.1	10.434	36.082	182.54
1086.1	10.433	36.082	182.68
1087.1	10.432	36.083	182.82
1088.1	10.433	36.083	182.97
1089.1	10.435	36.084	183.12
1090.1	10.435	36.085	183.26
1091.1	10.432	36.085	183.37
1092.0	10.433	36.085	183.47
1093.0	10.433	36.087	183.56
1094.0	10.429	36.088	183.64
1095.0	10.422	36.089	183.71
1096.0	10.414	36.089	183.79
1097.0	10.408	36.088	183.87
1098.0	10.407	36.088	183.94
1099.0	10.404	36.089	184.0
1099.9	10.4	36.091	184.04
1100.9	10.394	36.091	184.05
1101.9	10.39	36.09	184.05
1102.9	10.387	36.09	184.04
1103.9	10.388	36.09	184.01
1104.9	10.391	36.091	183.97
1105.9	10.393	36.093	183.91
1106.9	10.39	36.094	183.83
1107.8	10.383	36.093	183.72
1108.8	10.372	36.093	183.62
1109.8	10.369	36.092	183.54
1110.8	10.368	36.092	183.49
1111.8	10.367	36.092	183.48
1112.8	10.365	36.093	183.5
1113.8	10.364	36.093	183.54
1114.8	10.364	36.093	183.6
1115.7	10.364	36.093	183.68
1116.7	10.362	36.093	183.79
1117.7	10.362	36.094	183.92
1118.7	10.361	36.095	184.08
1119.7	10.362	36.096	184.24
1120.7	10.363	36.099	184.36
1121.7	10.363	36.1	184.45
1122.7	10.364	36.1	184.49
1123.6	10.364	36.1	184.5
1124.6	10.361	36.101	184.48
1125.6	10.358	36.101	184.44
1126.6	10.359	36.101	184.37
1127.6	10.361	36.102	184.28
1128.6	10.361	36.103	184.16
1129.6	10.356	36.103	184.03
1130.5	10.35	36.102	183.92
1131.5	10.353	36.101	183.84
1132.5	10.363	36.102	183.82
1133.5	10.377	36.106	183.83
1134.5	10.385	36.112	183.87
1135.5	10.385	36.114	183.94
1136.5	10.379	36.114	184.01
1137.5	10.37	36.112	184.09
1138.4	10.364	36.111	184.2
1139.4	10.359	36.109	184.31
1140.4	10.358	36.108	184.42
1141.4	10.359	36.108	184.5
1142.4	10.361	36.108	184.55
1143.4	10.361	36.109	184.56
1144.4	10.361	36.109	184.53
1145.4	10.365	36.109	184.49
1146.3	10.371	36.11	184.45
1147.3	10.376	36.112	184.41
1148.3	10.383	36.114	184.37
1149.3	10.397	36.119	184.34
1150.3	10.406	36.124	184.3
1151.3	10.409	36.126	184.29
1152.3	10.411	36.127	184.29
1153.3	10.417	36.126	184.3
1154.2	10.434	36.129	184.33
1155.2	10.447	36.135	184.36
1156.2	10.45	36.139	184.38
1157.2	10.45	36.139	184.4
1158.2	10.449	36.139	184.41
1159.2	10.454	36.139	184.43
1160.2	10.482	36.141	184.44
1161.2	10.529	36.155	184.45
1162.1	10.556	36.173	184.45
1163.1	10.553	36.18	184.44
1164.1	10.548	36.18	184.43
1165.1	10.539	36.179	184.42
1166.1	10.528	36.176	184.43
1167.1	10.527	36.174	184.46
1168.1	10.531	36.175	184.51
1169.1	10.537	36.176	184.55
1170.0	10.548	36.177	184.58
1171.0	10.567	36.181	184.6
1172.0	10.584	36.19	184.61
1173.0	10.589	36.194	184.63
1174.0	10.589	36.195	184.65
1175.0	10.588	36.195	184.67
1176.0	10.59	36.194	184.68
1176.9	10.602	36.195	184.68
1177.9	10.624	36.198	184.66
1178.9	10.654	36.206	184.63
1179.9	10.677	36.218	184.58
1180.9	10.685	36.225	184.53
1181.9	10.69	36.228	184.48
1182.9	10.692	36.23	184.42
1183.9	10.691	36.231	184.36
1184.8	10.688	36.231	184.29
1185.8	10.683	36.23	184.23
1186.8	10.679	36.229	184.16
1187.8	10.674	36.228	184.1
1188.8	10.66	36.228	184.05
1189.8	10.628	36.227	184.02
1190.8	10.595	36.218	184.03
1191.8	10.581	36.211	184.09
1192.7	10.569	36.208	184.2
1193.7	10.555	36.205	184.36
1194.7	10.539	36.203	184.54
1195.7	10.516	36.2	184.76
1196.7	10.499	36.196	185.0
1197.7	10.494	36.192	185.27
1198.7	10.49	36.192	185.57
1199.6	10.453	36.189	185.89
1200.6	10.353	36.175	186.19
1201.6	10.266	36.151	186.46
1202.6	10.254	36.139	186.68
1203.6	10.252	36.138	186.87
1204.6	10.249	36.138	187.01
1205.6	10.246	36.137	187.12
1206.6	10.246	36.137	187.2
1207.5	10.251	36.138	187.25
1208.5	10.262	36.14	187.27
1209.5	10.268	36.144	187.25
1210.5	10.255	36.147	187.22
1211.5	10.227	36.145	187.21
1212.5	10.207	36.137	187.21
1213.5	10.2	36.132	187.23
1214.5	10.202	36.131	187.26
1215.4	10.201	36.131	187.29
1216.4	10.197	36.131	187.33
1217.4	10.188	36.13	187.38
1218.4	10.176	36.129	187.44
1219.4	10.153	36.127	187.52
1220.4	10.117	36.122	187.6
1221.4	10.081	36.115	187.68
1222.3	10.038	36.106	187.72
1223.3	10.012	36.097	187.74
1224.3	10.01	36.091	187.75
1225.3	10.014	36.09	187.75
1226.3	10.025	36.091	187.75
1227.3	10.046	36.095	187.74
1228.3	10.064	36.101	187.72
1229.3	10.071	36.106	187.69
1230.2	10.076	36.108	187.65
1231.2	10.081	36.11	187.59
1232.2	10.08	36.11	187.54
1233.2	10.081	36.11	187.51
1234.2	10.078	36.111	187.51
1235.2	10.066	36.111	187.52
1236.2	10.053	36.108	187.54
1237.1	10.045	36.106	187.57
1238.1	10.036	36.104	187.62
1239.1	10.022	36.103	187.67
1240.1	10.003	36.099	187.73
1241.1	9.99	36.095	187.8
1242.1	9.982	36.093	187.89
1243.1	9.977	36.09	187.99
1244.1	9.974	36.09	188.09
1245.0	9.965	36.09	188.19
1246.0	9.951	36.089	188.29
1247.0	9.936	36.086	188.38
1248.0	9.921	36.084	188.44
1249.0	9.913	36.082	188.49
1250.0	9.911	36.083	188.52
1251.0	9.904	36.084	188.55
1252.0	9.891	36.083	188.58
1252.9	9.883	36.08	188.6
1253.9	9.88	36.079	188.61
1254.9	9.879	36.078	188.59
1255.9	9.877	36.078	188.55
1256.9	9.873	36.077	188.5
1257.9	9.869	36.077	188.48
1258.9	9.864	36.077	188.49
1259.8	9.855	36.076	188.53
1260.8	9.844	36.074	188.58
1261.8	9.828	36.071	188.62
1262.8	9.807	36.069	188.65
1263.8	9.789	36.066	188.69
1264.8	9.772	36.064	188.76
1265.8	9.758	36.06	188.87
1266.8	9.748	36.057	189.01
1267.7	9.74	36.054	189.15
1268.7	9.733	36.052	189.27
1269.7	9.727	36.051	189.36
1270.7	9.721	36.05	189.42
1271.7	9.716	36.049	189.49
1272.7	9.711	36.048	189.59
1273.7	9.698	36.048	189.71
1274.6	9.687	36.045	189.84
1275.6	9.682	36.041	189.95
1276.6	9.674	36.041	190.03
1277.6	9.662	36.041	190.1
1278.6	9.654	36.039	190.18
1279.6	9.65	36.037	190.3
1280.6	9.648	36.036	190.46
1281.5	9.641	36.037	190.64
1282.5	9.617	36.036	190.83
1283.5	9.585	36.029	190.99
1284.5	9.569	36.023	191.14
1285.5	9.558	36.023	191.29
1286.5	9.519	36.025	191.43
1287.5	9.445	36.016	191.6
1288.5	9.378	35.995	191.78
1289.4	9.366	35.982	191.96
1290.4	9.366	35.98	192.11
1291.4	9.366	35.979	192.23
1292.4	9.364	35.979	192.33
1293.4	9.361	35.979	192.42
1294.4	9.354	35.979	192.51
1295.4	9.348	35.978	192.6
1296.3	9.346	35.977	192.69
1297.3	9.346	35.977	192.77
1298.3	9.348	35.978	192.83
1299.3	9.351	35.979	192.88
1300.3	9.352	35.98	192.9
1301.3	9.352	35.98	192.91
1302.3	9.351	35.98	192.91
1303.3	9.349	35.98	192.91
1304.2	9.346	35.979	192.92
1305.2	9.344	35.979	192.93
1306.2	9.342	35.979	192.94
1307.2	9.342	35.979	192.95
1308.2	9.341	35.98	192.96
1309.2	9.334	35.981	192.97
1310.2	9.321	35.98	193.0
1311.1	9.31	35.977	193.04
1312.1	9.306	35.975	193.09
1313.1	9.303	35.975	193.16
1314.1	9.292	35.974	193.24
1315.1	9.277	35.972	193.31
1316.1	9.264	35.969	193.37
1317.1	9.253	35.966	193.44
1318.1	9.245	35.964	193.52
1319.0	9.237	35.963	193.59
1320.0	9.222	35.962	193.67
1321.0	9.205	35.959	193.74
1322.0	9.19	35.956	193.81
1323.0	9.178	35.953	193.88
1324.0	9.168	35.952	193.95
1325.0	9.153	35.951	194.02
1325.9	9.137	35.948	194.1
1326.9	9.131	35.945	194.16
1327.9	9.131	35.944	194.2
1328.9	9.133	35.944	194.23
1329.9	9.134	35.944	194.26
1330.9	9.133	35.945	194.3
1331.9	9.123	35.946	194.35
1332.8	9.103	35.944	194.39
1333.8	9.087	35.938	194.43
1334.8	9.083	35.938	194.46
1335.8	9.072	35.937	194.48
1336.8	9.058	35.934	194.5
1337.8	9.054	35.931	194.54
1338.8	9.051	35.93	194.6
1339.7	9.047	35.93	194.67
1340.7	9.045	35.929	194.73
1341.7	9.044	35.929	194.78
1342.7	9.04	35.929	194.83
1343.7	9.034	35.929	194.86
1344.7	9.026	35.927	194.89
1345.7	9.015	35.925	194.92
1346.7	9.002	35.923	194.95
1347.6	8.993	35.921	194.98
1348.6	8.987	35.919	195.02
1349.6	8.981	35.918	195.05
1350.6	8.975	35.917	195.08
1351.6	8.967	35.916	195.11
1352.6	8.961	35.915	195.14
1353.6	8.958	35.913	195.18
1354.5	8.954	35.913	195.23
1355.5	8.946	35.912	195.28
1356.5	8.934	35.911	195.34
1357.5	8.921	35.908	195.4
1358.5	8.916	35.905	195.44
1359.5	8.915	35.904	195.47
1360.5	8.914	35.904	195.49
1361.4	8.91	35.904	195.51
1362.4	8.903	35.903	195.53
1363.4	8.896	35.902	195.54
1364.4	8.891	35.901	195.55
1365.4	8.885	35.9	195.57
1366.4	8.881	35.899	195.6
1367.4	8.877	35.898	195.63
1368.4	8.871	35.897	195.66
1369.3	8.859	35.897	195.7
1370.3	8.837	35.896	195.75
1371.3	8.807	35.892	195.82
1372.3	8.779	35.886	195.9
1373.3	8.763	35.879	196.0
1374.3	8.753	35.875	196.11
1375.3	8.744	35.874	196.22
1376.2	8.732	35.873	196.32
1377.2	8.71	35.87	196.43
1378.2	8.685	35.866	196.54
1379.2	8.667	35.862	196.67
1380.2	8.653	35.857	196.81
1381.2	8.638	35.855	196.95
1382.2	8.611	35.854	197.08
1383.1	8.568	35.851	197.21
1384.1	8.537	35.841	197.32
1385.1	8.532	35.834	197.42
1386.1	8.534	35.832	197.51
1387.1	8.535	35.833	197.6
1388.1	8.538	35.833	197.68
1389.1	8.54	35.834	197.74
1390.0	8.541	35.835	197.79
1391.0	8.541	35.836	197.83
1392.0	8.54	35.837	197.87
1393.0	8.536	35.837	197.91
1394.0	8.518	35.838	197.95
1395.0	8.476	35.837	198.01
1396.0	8.438	35.828	198.09
1396.9	8.416	35.819	198.18
1397.9	8.402	35.814	198.27
1398.9	8.388	35.812	198.36
1399.9	8.376	35.809	198.46
1400.9	8.363	35.807	198.56
1401.9	8.343	35.805	198.67
1402.9	8.322	35.801	198.77
1403.8	8.308	35.797	198.88
1404.8	8.3	35.794	198.99
1405.8	8.293	35.792	199.11
1406.8	8.286	35.791	199.22
1407.8	8.278	35.79	199.34
1408.8	8.266	35.79	199.46
1409.8	8.242	35.789	199.59
1410.8	8.216	35.784	199.72
1411.7	8.202	35.778	199.84
1412.7	8.193	35.776	199.97
1413.7	8.176	35.775	200.1
1414.7	8.153	35.772	200.24
1415.7	8.131	35.768	200.37
1416.7	8.111	35.765	200.5
1417.7	8.086	35.762	200.62
1418.6	8.054	35.758	200.75
1419.6	8.024	35.753	200.87
1420.6	8.005	35.747	201.02
1421.6	7.998	35.742	201.19
1422.6	7.997	35.74	201.38
1423.6	7.976	35.742	201.57
1424.6	7.94	35.738	201.75
1425.5	7.919	35.73	201.91
1426.5	7.912	35.727	202.07
1427.5	7.902	35.727	202.24
1428.5	7.876	35.725	202.39
1429.5	7.848	35.72	202.53
1430.5	7.837	35.714	202.65
1431.5	7.826	35.712	202.74
1432.4	7.808	35.711	202.8
1433.4	7.788	35.709	202.83
1434.4	7.765	35.706	202.87
1435.4	7.746	35.702	202.92
1436.4	7.736	35.697	202.99
1437.4	7.73	35.695	203.05
1438.4	7.724	35.694	203.1
1439.3	7.712	35.693	203.16
1440.3	7.698	35.691	203.24
1441.3	7.687	35.687	203.33
1442.3	7.686	35.686	203.42
1443.3	7.685	35.686	203.51
1444.3	7.683	35.687	203.63
1445.3	7.678	35.686	203.75
1446.2	7.672	35.685	203.86
1447.2	7.668	35.684	203.95
1448.2	7.666	35.683	204.04
1449.2	7.661	35.683	204.13
1450.2	7.648	35.684	204.22
1451.2	7.628	35.683	204.3
1452.2	7.608	35.68	204.38
1453.1	7.592	35.675	204.48
1454.1	7.584	35.671	204.57
1455.1	7.578	35.67	204.67
1456.1	7.567	35.669	204.74
1457.1	7.56	35.666	204.8
1458.1	7.557	35.665	204.86
1459.1	7.555	35.665	204.92
1460.0	7.553	35.664	205.0
1461.0	7.551	35.664	205.09
1462.0	7.542	35.664	205.17
1463.0	7.523	35.663	205.24
1464.0	7.498	35.66	205.3
1465.0	7.478	35.655	205.36
1466.0	7.464	35.651	205.42
1466.9	7.459	35.649	205.5
1467.9	7.458	35.648	205.59
1468.9	7.458	35.648	205.69
1469.9	7.459	35.648	205.78
1470.9	7.457	35.648	205.83
1471.9	7.455	35.647	205.88
1472.9	7.453	35.647	205.92
1473.8	7.45	35.647	205.98
1474.8	7.448	35.646	206.05
1475.8	7.444	35.646	206.11
1476.8	7.431	35.647	206.17
1477.8	7.406	35.645	206.2
1478.8	7.382	35.641	206.23
1479.8	7.367	35.636	206.28
1480.7	7.359	35.633	206.35
1481.7	7.358	35.631	206.45
1482.7	7.356	35.631	206.56
1483.7	7.354	35.631	206.66
1484.7	7.353	35.63	206.74
1485.7	7.353	35.63	206.81
1486.7	7.354	35.63	206.89
1487.6	7.354	35.63	206.97
1488.6	7.353	35.63	207.08
1489.6	7.353	35.631	207.19
1490.6	7.352	35.631	207.3
1491.6	7.345	35.631	207.38
1492.6	7.32	35.629	207.46
1493.6	7.291	35.624	207.54
1494.5	7.283	35.621	207.64
1495.5	7.28	35.619	207.77
1496.5	7.27	35.619	207.92
1497.5	7.249	35.617	208.07
1498.5	7.231	35.613	208.23
1499.5	7.225	35.611	208.38
1500.5	7.224	35.61	208.53
1501.4	7.223	35.61	208.68
1502.4	7.22	35.61	208.83
1503.4	7.214	35.609	209.0
1504.4	7.204	35.608	209.17
1505.4	7.19	35.607	209.34
1506.4	7.176	35.604	209.5
1507.4	7.164	35.602	209.64
1508.3	7.157	35.599	209.78
1509.3	7.153	35.598	209.93
1510.3	7.149	35.597	210.08
1511.3	7.145	35.597	210.22
1512.3	7.138	35.597	210.37
1513.3	7.126	35.596	210.51
1514.3	7.104	35.594	210.64
1515.2	7.086	35.589	210.76
1516.2	7.08	35.586	210.87
1517.2	7.077	35.586	210.99
1518.2	7.071	35.585	211.09
1519.2	7.064	35.584	211.19
1520.2	7.049	35.583	211.28
1521.2	7.03	35.58	211.35
1522.1	7.016	35.577	211.43
1523.1	7.007	35.575	211.49
1524.1	7.0	35.573	211.55
1525.1	6.996	35.571	211.6
1526.1	6.988	35.571	211.65
1527.1	6.976	35.57	211.68
1528.0	6.964	35.567	211.71
1529.0	6.958	35.565	211.72
1530.0	6.949	35.565	211.74
1531.0	6.931	35.564	211.75
1532.0	6.913	35.561	211.76
1533.0	6.905	35.558	211.78
1534.0	6.898	35.556	211.8
1534.9	6.89	35.555	211.84
1535.9	6.882	35.554	211.89
1536.9	6.875	35.553	211.94
1537.9	6.867	35.552	212.01
1538.9	6.861	35.55	212.09
1539.9	6.857	35.55	212.17
1540.9	6.844	35.55	212.25
1541.8	6.826	35.547	212.35
1542.8	6.812	35.545	212.47
1543.8	6.793	35.542	212.6
1544.8	6.779	35.538	212.73
1545.8	6.775	35.536	212.83
1546.8	6.771	35.536	212.91
1547.8	6.767	35.535	212.99
1548.7	6.765	35.534	213.07
1549.7	6.763	35.534	213.16
1550.7	6.763	35.533	213.26
1551.7	6.762	35.533	213.37
1552.7	6.76	35.533	213.47
1553.7	6.757	35.533	213.54
1554.7	6.754	35.532	213.6
1555.6	6.753	35.532	213.66
1556.6	6.751	35.532	213.75
1557.6	6.747	35.532	213.85
1558.6	6.735	35.532	213.94
1559.6	6.717	35.53	214.02
1560.6	6.698	35.526	214.06
1561.6	6.687	35.523	214.09
1562.5	6.682	35.522	214.11
1563.5	6.677	35.52	214.13
1564.5	6.671	35.519	214.16
1565.5	6.664	35.518	214.21
1566.5	6.656	35.516	214.25
1567.5	6.642	35.515	214.28
1568.4	6.614	35.513	214.3
1569.4	6.593	35.508	214.34
1570.4	6.588	35.504	214.42
1571.4	6.588	35.503	214.53
1572.4	6.587	35.503	214.66
1573.4	6.586	35.504	214.78
1574.4	6.585	35.504	214.88
1575.3	6.581	35.504	214.97
1576.3	6.577	35.503	215.05
1577.3	6.57	35.503	215.14
1578.3	6.561	35.501	215.24
1579.3	6.555	35.5	215.35
1580.3	6.553	35.499	215.43
1581.3	6.547	35.498	215.47
1582.2	6.537	35.497	215.47
1583.2	6.528	35.497	215.46
1584.2	6.518	35.495	215.46
1585.2	6.514	35.492	215.51
1586.2	6.513	35.492	215.57
1587.2	6.513	35.491	215.62
1588.2	6.512	35.491	215.63
1589.1	6.512	35.491	215.61
1590.1	6.513	35.491	215.57
1591.1	6.513	35.491	215.54
1592.1	6.512	35.491	215.55
1593.1	6.511	35.491	215.59
1594.1	6.509	35.491	215.62
1595.0	6.501	35.49	215.62
1596.0	6.486	35.489	215.58
1597.0	6.472	35.486	215.5
1598.0	6.465	35.484	215.43
1599.0	6.453	35.484	215.41
1600.0	6.436	35.482	215.42
1601.0	6.427	35.477	215.47
1601.9	6.424	35.475	215.51
1602.9	6.416	35.474	215.51
1603.9	6.406	35.474	215.49
1604.9	6.403	35.473	215.48
1605.9	6.403	35.472	215.5
1606.9	6.402	35.472	215.56
1607.9	6.399	35.472	215.64
1608.8	6.397	35.472	215.72
1609.8	6.394	35.471	215.77
1610.8	6.391	35.471	215.78
1611.8	6.39	35.471	215.78
1612.8	6.387	35.471	215.8
1613.8	6.384	35.47	215.87
1614.7	6.382	35.469	215.97
1615.7	6.378	35.469	216.06
1616.7	6.369	35.469	216.14
1617.7	6.36	35.467	216.21
1618.7	6.356	35.465	216.3
1619.7	6.352	35.465	216.43
1620.7	6.344	35.464	216.59
1621.6	6.335	35.462	216.75
1622.6	6.328	35.461	216.91
1623.6	6.323	35.46	217.06
1624.6	6.31	35.46	217.2
1625.6	6.289	35.458	217.33
1626.6	6.275	35.454	217.46
1627.6	6.272	35.452	217.6
1628.5	6.269	35.451	217.72
1629.5	6.261	35.45	217.8
1630.5	6.253	35.448	217.87
1631.5	6.25	35.447	217.93
1632.5	6.247	35.446	218.01
1633.5	6.245	35.446	218.11
1634.4	6.235	35.446	218.2
1635.4	6.21	35.445	218.26
1636.4	6.186	35.442	218.31
1637.4	6.172	35.437	218.36
1638.4	6.161	35.434	218.42
1639.4	6.151	35.433	218.51
1640.4	6.14	35.43	218.61
1641.3	6.132	35.428	218.71
1642.3	6.127	35.427	218.78
1643.3	6.122	35.426	218.82
1644.3	6.117	35.425	218.87
1645.3	6.114	35.425	218.93
1646.3	6.111	35.424	219.02
1647.3	6.109	35.423	219.13
1648.2	6.103	35.424	219.22
1649.2	6.091	35.423	219.3
1650.2	6.083	35.421	219.36
1651.2	6.08	35.419	219.43
1652.2	6.075	35.419	219.51
1653.2	6.069	35.418	219.61
1654.1	6.067	35.417	219.71
1655.1	6.063	35.416	219.8
1656.1	6.056	35.415	219.87
1657.1	6.054	35.414	219.93
1658.1	6.053	35.414	219.98
1659.1	6.052	35.414	220.04
1660.1	6.051	35.414	220.11
1661.0	6.043	35.413	220.18
1662.0	6.029	35.412	220.23
1663.0	6.017	35.41	220.27
1664.0	6.01	35.408	220.3
1665.0	6.002	35.407	220.33
1666.0	5.992	35.406	220.36
1666.9	5.986	35.404	220.38
1667.9	5.983	35.403	220.4
1668.9	5.979	35.403	220.44
1669.9	5.976	35.402	220.47
1670.9	5.972	35.401	220.51
1671.9	5.969	35.4	220.56
1672.9	5.965	35.4	220.61
1673.8	5.961	35.399	220.66
1674.8	5.954	35.399	220.71
1675.8	5.947	35.398	220.76
1676.8	5.94	35.397	220.83
1677.8	5.931	35.396	220.9
1678.8	5.922	35.395	220.97
1679.7	5.915	35.393	221.03
1680.7	5.912	35.392	221.09
1681.7	5.909	35.391	221.13
1682.7	5.906	35.391	221.15
1683.7	5.901	35.39	221.17
1684.7	5.897	35.39	221.2
1685.7	5.891	35.389	221.24
1686.6	5.881	35.388	221.27
1687.6	5.874	35.386	221.29
1688.6	5.871	35.385	221.32
1689.6	5.867	35.384	221.35
1690.6	5.86	35.384	221.39
1691.6	5.851	35.383	221.41
1692.5	5.846	35.381	221.44
1693.5	5.842	35.381	221.48
1694.5	5.838	35.38	221.53
1695.5	5.832	35.379	221.59
1696.5	5.826	35.378	221.65
1697.5	5.824	35.377	221.69
1698.5	5.822	35.377	221.73
1699.4	5.819	35.377	221.76
1700.4	5.813	35.376	221.79
1701.4	5.8	35.376	221.82
1702.4	5.784	35.373	221.86
1703.4	5.777	35.371	221.92
1704.4	5.774	35.369	221.97
1705.3	5.771	35.368	222.01
1706.3	5.768	35.368	222.04
1707.3	5.765	35.368	222.08
1708.3	5.761	35.367	222.14
1709.3	5.758	35.367	222.23
1710.3	5.756	35.366	222.34
1711.3	5.752	35.366	222.46
1712.2	5.748	35.365	222.59
1713.2	5.747	35.364	222.71
1714.2	5.746	35.364	222.81
1715.2	5.744	35.364	222.92
1716.2	5.738	35.364	223.03
1717.2	5.729	35.363	223.15
1718.1	5.721	35.361	223.26
1719.1	5.716	35.36	223.35
1720.1	5.712	35.359	223.42
1721.1	5.707	35.359	223.46
1722.1	5.699	35.358	223.48
1723.1	5.685	35.357	223.48
1724.1	5.671	35.355	223.47
1725.0	5.66	35.352	223.48
1726.0	5.651	35.35	223.49
1727.0	5.647	35.348	223.52
1728.0	5.646	35.348	223.54
1729.0	5.646	35.348	223.54
1730.0	5.644	35.348	223.55
1730.9	5.641	35.348	223.56
1731.9	5.637	35.347	223.59
1732.9	5.634	35.346	223.64
1733.9	5.628	35.346	223.72
1734.9	5.616	35.345	223.81
1735.9	5.604	35.343	223.9
1736.9	5.597	35.341	223.96
1737.8	5.591	35.34	224.01
1738.8	5.579	35.34	224.06
1739.8	5.565	35.338	224.11
1740.8	5.555	35.336	224.18
1741.8	5.547	35.334	224.25
1742.8	5.539	35.332	224.32
1743.7	5.535	35.33	224.38
1744.7	5.53	35.329	224.41
1745.7	5.525	35.329	224.42
1746.7	5.523	35.329	224.43
1747.7	5.518	35.328	224.45
1748.7	5.513	35.327	224.5
1749.7	5.509	35.326	224.55
1750.6	5.502	35.326	224.6
1751.6	5.494	35.325	224.64
1752.6	5.486	35.323	224.67
1753.6	5.479	35.322	224.71
1754.6	5.473	35.321	224.75
1755.6	5.467	35.32	224.81
1756.5	5.462	35.319	224.87
1757.5	5.459	35.319	224.92
1758.5	5.456	35.318	224.97
1759.5	5.45	35.317	225.0
1760.5	5.442	35.316	225.02
1761.5	5.436	35.315	225.06
1762.4	5.435	35.315	225.1
1763.4	5.435	35.314	225.14
1764.4	5.436	35.314	225.17
1765.4	5.436	35.314	225.18
1766.4	5.434	35.314	225.2
1767.4	5.43	35.314	225.23
1768.4	5.427	35.313	225.28
1769.3	5.425	35.313	225.33
1770.3	5.423	35.312	225.37
1771.3	5.422	35.312	225.41
1772.3	5.421	35.312	225.43
1773.3	5.419	35.311	225.44
1774.3	5.417	35.311	225.46
1775.2	5.414	35.311	225.47
1776.2	5.41	35.311	225.47
1777.2	5.406	35.31	225.47
1778.2	5.4	35.31	225.44
1779.2	5.392	35.309	225.4
1780.2	5.385	35.308	225.37
1781.1	5.375	35.306	225.36
1782.1	5.362	35.304	225.36
1783.1	5.354	35.302	225.36
1784.1	5.35	35.301	225.34
1785.1	5.349	35.301	225.33
1786.1	5.348	35.3	225.34
1787.1	5.347	35.301	225.37
1788.0	5.346	35.301	225.42
1789.0	5.346	35.301	225.47
1790.0	5.345	35.301	225.51
1791.0	5.345	35.3	225.54
1792.0	5.345	35.3	225.56
1793.0	5.342	35.3	225.58
1793.9	5.339	35.3	225.63
1794.9	5.336	35.3	225.71
1795.9	5.333	35.299	225.79
1796.9	5.327	35.299	225.84
1797.9	5.318	35.298	225.87
1798.9	5.31	35.297	225.9
1799.8	5.303	35.295	225.94
1800.8	5.294	35.294	226.0
1801.8	5.282	35.293	226.08
1802.8	5.274	35.29	226.14
1803.8	5.272	35.289	226.19
1804.8	5.271	35.289	226.22
1805.8	5.268	35.289	226.23
1806.7	5.264	35.288	226.25
1807.7	5.262	35.288	226.28
1808.7	5.261	35.287	226.34
1809.7	5.258	35.287	226.39
1810.7	5.253	35.287	226.45
1811.7	5.246	35.286	226.49
1812.6	5.238	35.286	226.53
1813.6	5.232	35.284	226.59
1814.6	5.228	35.283	226.66
1815.6	5.224	35.282	226.74
1816.6	5.221	35.281	226.81
1817.6	5.219	35.281	226.87
1818.5	5.216	35.281	226.91
1819.5	5.214	35.281	226.95
1820.5	5.213	35.28	226.99
1821.5	5.211	35.28	227.02
1822.5	5.209	35.28	227.04
1823.5	5.207	35.28	227.05
1824.5	5.205	35.279	227.03
1825.4	5.204	35.279	227.0
1826.4	5.202	35.279	226.97
1827.4	5.198	35.279	226.96
1828.4	5.193	35.278	226.97
1829.4	5.191	35.277	226.98
1830.4	5.191	35.277	226.98
1831.3	5.19	35.276	226.97
1832.3	5.188	35.276	226.96
1833.3	5.188	35.275	226.95
1834.3	5.187	35.275	226.97
1835.3	5.186	35.275	227.01
1836.3	5.183	35.275	227.07
1837.2	5.179	35.275	227.12
1838.2	5.174	35.275	227.15
1839.2	5.167	35.274	227.17
1840.2	5.16	35.273	227.19
1841.2	5.152	35.272	227.23
1842.2	5.146	35.271	227.28
1843.1	5.141	35.27	227.34
1844.1	5.138	35.269	227.4
1845.1	5.131	35.268	227.43
1846.1	5.118	35.266	227.44
1847.1	5.108	35.265	227.45
1848.1	5.106	35.264	227.47
1849.1	5.104	35.263	227.51
1850.0	5.104	35.263	227.56
1851.0	5.102	35.262	227.6
1852.0	5.1	35.262	227.64
1853.0	5.099	35.262	227.68
1854.0	5.098	35.262	227.72
1855.0	5.097	35.262	227.79
1855.9	5.097	35.262	227.87
1856.9	5.096	35.262	227.97
1857.9	5.096	35.262	228.06
1858.9	5.095	35.262	228.14
1859.9	5.094	35.262	228.2
1860.9	5.093	35.261	228.24
1861.8	5.093	35.261	228.29
1862.8	5.092	35.261	228.34
1863.8	5.09	35.261	228.37
1864.8	5.088	35.261	228.39
1865.8	5.086	35.261	228.38
1866.8	5.08	35.26	228.34
1867.7	5.073	35.259	228.28
1868.7	5.068	35.258	228.23
1869.7	5.063	35.257	228.18
1870.7	5.061	35.257	228.16
1871.7	5.061	35.256	228.14
1872.7	5.059	35.256	228.12
1873.6	5.057	35.256	228.09
1874.6	5.056	35.255	228.06
1875.6	5.055	35.255	228.06
1876.6	5.052	35.255	228.09
1877.6	5.05	35.255	228.15
1878.6	5.048	35.255	228.21
1879.6	5.046	35.254	228.27
1880.5	5.043	35.254	228.33
1881.5	5.039	35.253	228.38
1882.5	5.037	35.253	228.43
1883.5	5.035	35.252	228.49
1884.5	5.033	35.252	228.55
1885.5	5.031	35.252	228.6
1886.4	5.026	35.252	228.63
1887.4	5.019	35.251	228.64
1888.4	5.014	35.25	228.65
1889.4	5.008	35.249	228.66
1890.4	5.003	35.248	228.67
1891.4	4.998	35.247	228.68
1892.3	4.993	35.247	228.68
1893.3	4.988	35.246	228.69
1894.3	4.981	35.246	228.7
1895.3	4.973	35.244	228.73
1896.3	4.971	35.243	228.77
1897.3	4.97	35.243	228.83
1898.2	4.969	35.243	228.88
1899.2	4.968	35.242	228.92
1900.2	4.967	35.242	228.96
1901.2	4.965	35.242	229.01
1902.2	4.961	35.242	229.07
1903.2	4.955	35.241	229.13
1904.1	4.942	35.24	229.19
1905.1	4.928	35.237	229.25
1906.1	4.92	35.235	229.29
1907.1	4.918	35.234	229.33
1908.1	4.918	35.234	229.37
1909.1	4.917	35.234	229.42
1910.0	4.915	35.234	229.48
1911.0	4.914	35.234	229.55
1912.0	4.913	35.234	229.62
1913.0	4.912	35.234	229.69
1914.0	4.91	35.233	229.75
1915.0	4.909	35.233	229.82
1915.9	4.907	35.233	229.89
1916.9	4.905	35.233	229.96
1917.9	4.902	35.232	230.03
1918.9	4.897	35.232	230.08
1919.9	4.895	35.231	230.11
1920.9	4.894	35.231	230.13
1921.8	4.892	35.23	230.13
1922.8	4.89	35.23	230.13
1923.8	4.888	35.23	230.11
1924.8	4.886	35.23	230.09
1925.8	4.886	35.229	230.05
1926.8	4.886	35.229	229.99
1927.8	4.884	35.229	229.93
1928.7	4.878	35.229	229.88
1929.7	4.871	35.228	229.84
1930.7	4.867	35.226	229.82
1931.7	4.863	35.226	229.79
1932.7	4.856	35.226	229.75
1933.7	4.851	35.225	229.71
1934.6	4.848	35.224	229.68
1935.6	4.847	35.224	229.67
1936.6	4.846	35.223	229.67
1937.6	4.845	35.223	229.67
1938.6	4.843	35.223	229.66
1939.6	4.838	35.223	229.66
1940.5	4.831	35.222	229.66
1941.5	4.828	35.221	229.67
1942.5	4.827	35.22	229.68
1943.5	4.825	35.221	229.7
1944.5	4.822	35.22	229.73
1945.5	4.818	35.219	229.74
1946.4	4.816	35.219	229.76
1947.4	4.814	35.218	229.78
1948.4	4.813	35.218	229.81
1949.4	4.812	35.218	229.84
1950.4	4.807	35.218	229.88
1951.4	4.799	35.217	229.91
1952.3	4.79	35.216	229.94
1953.3	4.779	35.215	229.98
1954.3	4.772	35.213	230.03
1955.3	4.771	35.212	230.11
1956.3	4.77	35.212	230.19
1957.3	4.768	35.212	230.27
1958.2	4.764	35.211	230.35
1959.2	4.762	35.211	230.43
1960.2	4.758	35.21	230.51
1961.2	4.753	35.21	230.61
1962.2	4.747	35.209	230.71
1963.2	4.743	35.208	230.82
1964.1	4.74	35.207	230.92
1965.1	4.736	35.207	231.01
1966.1	4.726	35.206	231.09
1967.1	4.715	35.205	231.16
1968.1	4.711	35.203	231.23
1969.1	4.709	35.203	231.3
1970.0	4.707	35.202	231.37
1971.0	4.706	35.202	231.42
1972.0	4.705	35.202	231.45
1973.0	4.704	35.201	231.47
1974.0	4.704	35.201	231.48
1975.0	4.704	35.201	231.48
1975.9	4.702	35.201	231.48
1976.9	4.7	35.201	231.47
1977.9	4.698	35.201	231.47
1978.9	4.695	35.201	231.47
1979.9	4.688	35.201	231.45
1980.9	4.681	35.2	231.43
1981.8	4.678	35.198	231.41
1982.8	4.676	35.198	231.42
1983.8	4.672	35.198	231.45
1984.8	4.665	35.197	231.48
1985.8	4.657	35.196	231.5
1986.8	4.65	35.195	231.51
1987.7	4.644	35.194	231.52
1988.7	4.64	35.193	231.53
1989.7	4.635	35.192	231.55
1990.7	4.632	35.192	231.59
1991.7	4.631	35.191	231.63
1992.7	4.631	35.191	231.67
1993.6	4.628	35.191	231.7
1994.6	4.622	35.191	231.71
1995.6	4.616	35.19	231.71
1996.6	4.606	35.19	231.73
1997.6	4.593	35.188	231.76
1998.6	4.586	35.186	231.8
1999.5	4.58	35.185	231.84
2000.5	4.574	35.184	231.86
2001.5	4.57	35.182	231.88
2002.5	4.569	35.182	231.9
2003.5	4.567	35.182	231.93
2004.5	4.565	35.181	231.96
2005.4	4.564	35.181	232.01
2006.4	4.563	35.181	232.06
2007.4	4.561	35.181	232.11
2008.4	4.555	35.181	232.16
2009.4	4.545	35.18	232.2
2010.4	4.532	35.179	232.25
2011.3	4.517	35.178	232.31
2012.3	4.505	35.176	232.38
2013.3	4.494	35.174	232.44
2014.3	4.482	35.172	232.49
2015.3	4.473	35.171	232.52
2016.3	4.46	35.169	232.56
2017.2	4.448	35.167	232.59
2018.2	4.441	35.165	232.64
2019.2	4.436	35.164	232.69
2020.2	4.431	35.163	232.74
2021.2	4.426	35.162	232.79
2022.2	4.425	35.162	232.82
2023.1	4.424	35.161	232.84
2024.1	4.423	35.161	232.87
2025.1	4.421	35.161	232.92
2026.1	4.418	35.161	232.96
2027.1	4.414	35.16	233.01
2028.0	4.414	35.16	233.04
2029.0	4.412	35.159	233.07
2030.0	4.41	35.159	233.09
2031.0	4.41	35.158	233.1
2032.0	4.41	35.159	233.12
2033.0	4.409	35.159	233.14
2033.9	4.41	35.159	233.16
2034.9	4.41	35.158	233.18
2035.9	4.409	35.158	233.2
2036.9	4.409	35.158	233.2
2037.9	4.408	35.159	233.19
2038.9	4.403	35.159	233.19
2039.8	4.397	35.158	233.19
2040.8	4.392	35.157	233.18
2041.8	4.39	35.156	233.19
2042.8	4.387	35.156	233.2
2043.8	4.384	35.155	233.2
2044.8	4.382	35.155	233.21
2045.7	4.38	35.154	233.21
2046.7	4.378	35.154	233.22
2047.7	4.373	35.154	233.24
2048.7	4.371	35.153	233.28
2049.7	4.371	35.153	233.33
2050.7	4.371	35.153	233.38
2051.6	4.371	35.153	233.42
2052.6	4.371	35.153	233.46
2053.6	4.369	35.153	233.47
2054.6	4.367	35.153	233.48
2055.6	4.365	35.152	233.48
2056.6	4.364	35.152	233.48
2057.5	4.364	35.152	233.47
2058.5	4.365	35.152	233.46
2059.5	4.365	35.152	233.43
2060.5	4.364	35.152	233.39
2061.5	4.362	35.152	233.35
2062.5	4.361	35.152	233.31
2063.4	4.361	35.152	233.28
2064.4	4.361	35.152	233.26
2065.4	4.361	35.152	233.24
2066.4	4.361	35.152	233.22
2067.4			
2068.4			
2069.3			
2070.3			
2071.3			
2072.3			
2073.3			
2074.3			
2075.2			
2076.2			
2077.2			
2078.2			
2079.2			
2080.1			
2081.1			
2082.1			
2083.1			
2084.1			
2085.1			
2086.0			
2087.0			
2088.0			
2089.0			
2090.0			
2091.0			
2091.9			
2092.9			
2093.9			
2094.9			
2095.9			
2096.9			
2097.8			
2098.8			
2099.8			
2100.8			
2101.8			
2102.8			
2103.7			
2104.7			
2105.7			
2106.7			
2107.7			
2108.6			
2109.6			
2110.6			
2111.6			
2112.6			
2113.6			
2114.5			
2115.5			
2116.5			
2117.5			
2118.5			
2119.5			
2120.4			
2121.4			
2122.4			
2123.4			
2124.4			
2125.4			
2126.3			
2127.3			
2128.3			
2129.3			
2130.3			
2131.2			
2132.2			
2133.2			
2134.2			
2135.2			
2136.2			
2137.1			
2138.1			
2139.1			
2140.1			
2141.1			
2142.1			
2143.0			
2144.0			
2145.0			
2146.0			
2147.0			
